
1 3 王者套装 王者头盔|王者项链|王者戒指|王者护腕|王者腰带|王者之靴  0|0|0|0|0|0|0|0|0|0|0|0|0|0|0|0|0|0|0|0|0|0|0|0|0|0|0|0|0|0|0|0|0|0|0|0|0|0|0|0 0|0|0|0|0|0|0|0|0|0|0|0|0|0|0|0|0|0|0|0|0|0|0|0|0|0|0|0|0|0|0|0|0|0|0|0|0|0|0|0 500|500|15|15|0|0|0|0|0|0|0|0|0|0|15|15|0|0|0|100|0|0|0|0|0|0|0|0|0|0|0|0|0|0|0|0|0|0|0|0|0
2 4 王者套装 王者头盔|王者项链|王者戒指|王者护腕|王者腰带|王者之靴  0|0|0|0|0|0|0|0|0|0|0|0|0|0|0|0|0|0|0|0|0|0|0|0|0|0|0|0|0|0|0|0|0|0|0|0|0|0|0|0 0|0|0|0|0|0|0|0|0|0|0|0|0|0|0|0|0|0|0|0|0|0|0|0|0|0|0|0|0|0|0|0|0|0|0|0|0|0|0|0 0|0|0|0|25|25|25|0|0|0|0|0|0|0|0|0|25|25|25|100|0|0|0|0|0|0|0|0|0|0|0|0|0|0|0|0|0|0|0|0|0
3 6 王者套装 王者头盔|王者项链|王者戒指|王者护腕|王者腰带|王者之靴  0|0|0|0|0|0|0|0|0|0|0|0|0|0|0|0|0|0|0|0|0|0|0|0|0|0|0|0|0|0|0|0|0|0|0|0|0|0|0|0 0|0|0|0|10|10|10|0|0|0|0|0|0|0|0|0|10|10|10|0|0|0|0|0|0|0|0|0|0|0|0|0|0|0|0|0|0|0|0|0 0|0|0|0|0|0|0|15|5|0|0|0|0|0|0|0|0|0|0|100|0|0|0|0|0|0|0|0|0|0|0|0|0|0|0|0|0|0|0|0|0
4 3 传奇套装 传奇之冠|传奇项链|传奇之戒|传奇护腕|传奇腰带|传奇之靴  0|0|0|0|0|0|0|0|0|0|0|0|0|0|0|0|0|0|0|0|0|0|0|0|0|0|0|0|0|0|0|0|0|0|0|0|0|0|0|0 0|0|0|0|0|0|0|0|0|0|0|0|0|0|0|0|0|0|0|0|0|0|0|0|0|0|0|0|0|0|0|0|0|0|0|0|0|0|0|0 0|0|0|0|15|15|15|0|0|0|0|0|0|0|0|0|15|15|15|100|0|0|0|0|0|0|0|0|0|0|0|0|0|0|0|0|0|0|0|0|0
5 4 传奇套装 传奇之冠|传奇项链|传奇之戒|传奇护腕|传奇腰带|传奇之靴  0|0|0|0|0|0|0|0|0|0|0|0|0|0|0|0|0|0|0|0|0|0|0|0|0|0|0|0|0|0|0|0|0|0|0|0|0|0|0|0 5|0|0|0|0|0|0|0|0|0|0|0|0|0|0|0|0|0|0|0|0|0|0|0|0|0|0|0|0|0|0|0|0|0|0|0|0|0|0|0 0|0|20|20|0|0|0|0|0|0|0|0|0|0|20|20|0|0|0|100|0|0|0|0|0|0|0|0|0|0|0|0|0|0|0|0|0|0|0|0|0
6 6 传奇套装 传奇之冠|传奇项链|传奇之戒|传奇护腕|传奇腰带|传奇之靴  0|0|0|0|0|0|0|0|0|0|0|0|0|0|0|0|0|0|0|0|0|0|0|0|0|0|0|0|0|0|0|0|0|0|0|0|0|0|0|0 0|0|0|0|8|8|8|0|0|0|0|0|0|0|0|0|8|8|8|0|0|0|0|0|0|0|0|0|0|0|0|0|0|0|0|0|0|0|0|0 600|600|0|0|0|0|0|0|0|0|0|0|0|0|0|0|0|0|0|100|0|0|0|0|0|0|0|0|0|0|0|0|0|0|0|0|0|0|0|0|0
7 3 皓月套装 皓月之冠|皓月项链|皓月之戒|皓月护腕|皓月腰带|皓月之靴  0|0|0|0|0|0|0|0|0|0|0|0|0|0|0|0|0|0|0|0|0|0|0|0|0|0|0|0|0|0|0|0|0|0|0|0|0|0|0|0 8|8|8|0|0|0|0|0|0|0|0|0|0|0|8|0|0|0|0|0|0|0|0|0|0|0|0|0|0|0|0|0|0|0|0|0|0|0|0|0 0|0|0|0|0|0|0|0|0|0|0|0|0|0|0|0|0|0|0|100|0|0|0|0|0|0|0|0|0|0|0|0|0|0|0|0|0|0|0|0|0
8 4 皓月套装 皓月之冠|皓月项链|皓月之戒|皓月护腕|皓月腰带|皓月之靴  0|0|0|0|0|0|0|0|0|0|0|0|0|0|0|0|0|0|0|0|0|0|0|0|0|0|0|0|0|0|0|0|0|0|0|0|0|0|0|0 0|0|12|0|5|5|5|0|0|0|0|0|0|0|12|0|5|5|5|0|0|0|0|0|0|0|0|0|0|0|0|0|0|0|0|0|0|0|0|0 0|0|0|0|0|0|0|0|0|0|0|0|0|0|0|0|0|0|0|100|0|0|0|0|0|0|0|0|0|0|0|0|0|0|0|0|0|0|0|0|0
9 6 皓月套装 皓月之冠|皓月项链|皓月之戒|皓月护腕|皓月腰带|皓月之靴  0|0|0|0|0|0|0|0|0|0|0|0|0|0|0|0|0|0|0|0|0|0|0|0|0|0|0|0|0|0|0|0|0|0|0|0|0|0|0|0 0|0|0|0|3|3|3|0|0|0|0|0|0|0|0|0|3|3|3|0|0|0|0|0|0|0|0|0|0|0|0|0|0|0|0|0|0|0|0|0 0|0|0|0|35|35|35|0|0|0|0|0|0|0|0|0|35|35|35|100|0|0|0|0|0|0|0|0|0|0|0|0|0|0|0|0|0|0|0|0|0
10 3 梵天套装 梵天头盔|梵天项链|梵天戒指|梵天护腕|梵天之带|梵天之靴  0|0|0|0|0|0|0|0|0|0|0|0|0|0|0|0|0|0|0|0|0|0|0|0|0|0|0|0|0|0|0|0|0|0|0|0|0|0|0|0 0|20|0|0|0|0|0|0|0|0|0|0|0|0|0|0|0|0|0|0|0|0|0|0|0|0|0|0|0|0|0|0|0|0|0|0|0|0|0|0 0|0|0|0|0|0|0|0|25|0|0|0|0|0|0|0|0|0|0|100|0|0|0|0|0|0|0|0|0|0|0|0|0|0|0|0|0|0|0|0|0
11 4 梵天套装 梵天头盔|梵天项链|梵天戒指|梵天护腕|梵天之带|梵天之靴  0|0|0|0|0|0|0|0|0|0|0|0|0|0|0|0|0|0|0|0|0|0|0|0|0|0|0|0|0|0|0|0|0|0|0|0|0|0|0|0 0|0|0|0|3|3|3|0|0|0|0|0|0|0|0|0|3|3|3|0|0|0|0|0|0|0|0|0|0|0|0|0|0|0|0|0|0|0|0|0 0|0|0|0|0|0|0|0|0|0|0|0|0|0|0|0|0|0|0|130|0|0|0|0|0|0|0|0|0|0|0|0|0|0|0|0|0|0|0|0|0
12 6 梵天套装 梵天头盔|梵天项链|梵天戒指|梵天护腕|梵天之带|梵天之靴  0|0|0|0|0|0|0|0|0|0|0|0|0|0|0|0|0|0|0|0|0|0|0|0|0|0|0|0|0|0|0|0|0|0|0|0|0|0|0|0 10|8|0|0|0|0|0|0|0|0|0|0|0|0|0|0|0|0|0|0|0|0|0|0|0|0|0|0|0|0|0|0|0|0|0|0|0|0|0|0 0|0|0|0|0|0|0|0|0|0|0|0|0|0|0|0|0|0|0|155|0|0|0|0|0|0|0|0|0|0|0|0|0|0|0|0|0|0|0|0|0
13 3 帝释套装 帝释头盔|帝释项链|帝释戒指|帝释护腕|帝释腰带|帝释靴子  0|0|0|0|0|0|0|0|0|0|0|0|0|0|0|0|0|0|0|0|0|0|0|0|0|0|0|0|0|0|0|0|0|0|0|0|0|0|0|0 5|0|5|0|0|0|0|0|0|0|0|0|0|0|5|0|0|0|0|0|0|0|0|0|0|0|0|0|0|0|0|0|0|0|0|0|0|0|0|0 0|0|25|25|0|0|0|0|0|0|0|0|0|0|25|25|0|0|0|100|0|0|0|0|0|0|0|0|0|0|0|0|0|0|0|0|0|0|0|0|0
14 4 帝释套装 帝释头盔|帝释项链|帝释戒指|帝释护腕|帝释腰带|帝释靴子  0|0|0|0|0|0|0|0|0|0|0|0|0|0|0|0|0|0|0|0|0|0|0|0|0|0|0|0|0|0|0|0|0|0|0|0|0|0|0|0 0|0|7|5|7|7|7|0|0|0|0|0|0|0|7|5|7|7|7|0|0|0|0|0|0|0|0|0|0|0|0|0|0|0|0|0|0|0|0|0 0|0|0|0|0|0|0|0|0|0|0|0|0|0|0|0|0|0|0|100|0|0|0|0|0|0|0|0|0|0|0|0|0|0|0|0|0|0|0|0|0
15 6 帝释套装 帝释头盔|帝释项链|帝释戒指|帝释护腕|帝释腰带|帝释靴子  0|0|0|0|0|0|0|0|0|0|0|0|0|0|0|0|0|0|0|0|0|0|0|0|0|0|0|0|0|0|0|0|0|0|0|0|0|0|0|0 12|0|0|0|0|0|0|0|0|0|0|0|0|0|0|0|0|0|0|0|0|0|0|0|0|0|0|0|0|0|0|0|0|0|0|0|0|0|0|0 0|0|0|0|45|45|45|0|0|0|0|0|0|0|0|0|45|45|45|100|0|0|0|0|0|0|0|0|0|0|0|0|0|0|0|0|0|0|0|0|0
16 3 浩然套装 浩然头盔|浩然项链|浩然戒指|浩然护腕|浩然腰带|浩然靴子  0|0|0|0|0|0|0|0|0|0|0|0|0|0|0|0|0|0|0|0|0|0|0|0|0|0|0|0|0|0|0|0|0|0|0|0|0|0|0|0 0|0|5|5|5|5|5|0|0|0|0|0|0|0|5|5|5|5|5|0|0|0|0|0|0|0|0|0|0|0|0|0|0|0|0|0|0|0|0|0 0|0|0|0|0|0|0|0|0|0|0|0|0|0|0|0|0|0|0|100|0|0|0|0|0|0|0|0|0|0|0|0|0|0|0|0|0|0|0|0|0
17 4 浩然套装 浩然头盔|浩然项链|浩然戒指|浩然护腕|浩然腰带|浩然靴子  0|0|0|0|0|0|0|0|0|0|0|0|0|0|0|0|0|0|0|0|0|0|0|0|0|0|0|0|0|0|0|0|0|0|0|0|0|0|0|0 0|0|0|0|0|0|0|0|0|0|0|0|0|0|0|0|0|0|0|0|0|0|0|0|0|0|0|0|0|0|0|0|0|0|0|0|0|0|0|0 0|0|0|0|35|35|35|0|0|2|0|0|0|0|0|0|35|35|35|100|0|0|0|0|0|0|0|0|0|0|0|0|0|0|0|0|0|0|0|0|0
18 6 浩然套装 浩然头盔|浩然项链|浩然戒指|浩然护腕|浩然腰带|浩然靴子  0|0|0|0|0|0|0|0|0|0|0|0|0|0|0|0|0|0|0|0|0|0|0|0|0|0|0|0|0|0|0|0|0|0|0|0|0|0|0|0 5|0|0|0|8|8|8|0|0|0|0|0|0|0|0|0|8|8|8|0|0|0|0|0|0|0|0|0|0|0|0|0|0|0|0|0|0|0|0|0 0|0|0|0|0|0|0|0|0|0|0|0|0|0|0|0|0|0|0|100|0|0|0|0|0|0|0|0|0|0|0|0|0|0|0|0|0|0|0|0|0
19 3 凤舞套装 凤舞头盔|凤舞项链|凤舞戒指|凤舞护腕|凤舞腰带|凤舞靴子  0|0|0|0|0|0|0|0|0|0|0|0|0|0|0|0|0|0|0|0|0|0|0|0|0|0|0|0|0|0|0|0|0|0|0|0|0|0|0|0 0|0|0|0|0|0|0|0|0|0|0|0|0|0|0|0|0|0|0|0|0|0|0|0|0|0|0|0|0|0|0|0|0|0|0|0|0|0|0|0 0|0|0|0|25|25|25|0|0|0|0|0|0|0|0|0|25|25|25|100|0|0|0|0|0|0|0|0|0|0|0|0|0|0|0|0|0|0|0|0|0
20 4 凤舞套装 凤舞头盔|凤舞项链|凤舞戒指|凤舞护腕|凤舞腰带|凤舞靴子  0|0|0|0|0|0|0|0|0|0|0|0|0|0|0|0|0|0|0|0|0|0|0|0|0|0|0|0|0|0|0|0|0|0|0|0|0|0|0|0 0|0|6|6|6|6|6|0|0|0|0|0|0|0|6|6|6|6|6|0|0|0|0|0|0|0|0|0|0|0|0|0|0|0|0|0|0|0|0|0 0|0|0|0|0|0|0|15|8|0|0|0|0|0|0|0|0|0|0|100|0|0|0|0|0|0|0|0|0|0|0|0|0|0|0|0|0|0|0|0|0
21 6 凤舞套装 凤舞头盔|凤舞项链|凤舞戒指|凤舞护腕|凤舞腰带|凤舞靴子  0|0|0|0|0|0|0|0|0|1|0|0|0|0|0|0|0|0|0|0|0|0|0|0|0|0|0|0|0|0|0|0|0|0|0|0|0|0|0|0 0|0|0|0|0|0|0|0|0|0|0|0|0|0|0|0|0|0|0|0|0|0|0|0|0|0|0|0|0|0|0|0|0|0|0|0|0|0|0|0 0|0|0|0|0|0|0|0|0|0|0|0|0|0|0|0|0|0|0|100|0|0|0|0|0|0|0|0|0|0|0|0|0|0|0|0|0|0|0|0|0
22 3 蝴蝶套装 蝴蝶头盔|蝴蝶项链|蝴蝶戒指|蝴蝶护腕|蝴蝶腰带|蝴蝶靴子  0|0|0|0|0|0|0|0|0|0|0|0|0|0|0|0|0|0|0|0|0|0|0|0|0|0|0|0|0|0|0|0|0|0|0|0|0|0|0|0 8|0|0|0|0|0|0|0|0|0|0|0|0|0|0|0|0|0|0|0|0|0|0|0|0|0|0|0|0|0|0|0|0|0|0|0|0|0|0|0 0|0|30|30|0|0|0|0|0|0|0|0|0|0|30|30|0|0|0|100|0|0|0|0|0|0|0|0|0|0|0|0|0|0|0|0|0|0|0|0|0
23 4 蝴蝶套装 蝴蝶头盔|蝴蝶项链|蝴蝶戒指|蝴蝶护腕|蝴蝶腰带|蝴蝶靴子  0|0|0|0|0|0|0|0|0|0|0|0|0|0|0|0|0|0|0|0|0|0|0|0|0|0|0|0|0|0|0|0|0|0|0|0|0|0|0|0 0|0|0|0|0|0|0|0|0|0|0|0|0|0|0|0|0|0|0|0|0|0|0|0|0|0|0|0|0|0|0|0|0|0|0|0|0|0|0|0 0|0|0|0|40|40|40|0|0|0|0|0|0|0|0|0|40|40|40|155|0|0|0|0|0|0|0|0|0|0|0|0|0|0|0|0|0|0|0|0|0
24 6 蝴蝶套装 蝴蝶头盔|蝴蝶项链|蝴蝶戒指|蝴蝶护腕|蝴蝶腰带|蝴蝶靴子  0|0|0|0|0|0|0|0|0|0|0|0|0|0|0|0|0|0|0|0|0|0|0|0|0|0|0|0|0|0|0|0|0|0|0|0|0|0|0|0 0|0|0|0|10|10|10|0|0|0|0|0|0|0|0|0|10|10|10|0|0|0|0|0|0|0|0|0|0|0|0|0|0|0|0|0|0|0|0|0 0|0|0|0|0|0|0|0|0|0|0|0|0|0|0|0|0|0|0|100|0|0|0|0|0|0|0|0|0|0|0|0|0|0|0|0|0|0|0|0|0
25 3 荣耀套装 荣耀头盔|荣耀项链|荣耀指环|荣耀护腕|荣耀腰带|荣耀战靴  0|0|0|0|0|0|0|0|0|0|0|0|0|0|0|0|0|0|0|0|0|0|0|0|0|0|0|0|0|0|0|0|0|0|0|0|0|0|0|0 0|0|0|0|0|0|0|0|0|0|0|0|0|0|0|0|0|0|0|0|0|0|0|0|0|0|0|0|0|0|0|0|0|0|0|0|0|0|0|0 1000|1000|35|35|0|0|0|0|0|0|0|0|0|0|35|35|0|0|0|100|0|0|0|0|0|0|0|0|0|0|0|0|0|0|0|0|0|0|0|0|0
26 4 荣耀套装 荣耀头盔|荣耀项链|荣耀指环|荣耀护腕|荣耀腰带|荣耀战靴  0|0|0|0|0|0|0|0|0|0|0|0|0|0|0|0|0|0|0|0|0|0|0|0|0|0|0|0|0|0|0|0|0|0|0|0|0|0|0|0 0|0|0|0|0|0|0|0|0|0|0|0|0|0|0|0|0|0|0|0|0|0|0|0|0|0|0|0|0|0|0|0|0|0|0|0|0|0|0|0 0|0|0|0|60|60|60|0|0|1|0|0|0|0|0|0|60|60|60|100|0|0|0|0|0|0|0|0|0|0|0|0|0|0|0|0|0|0|0|0|0
27 6 荣耀套装 荣耀头盔|荣耀项链|荣耀指环|荣耀护腕|荣耀腰带|荣耀战靴  0|0|0|0|0|0|0|0|0|0|0|0|0|0|0|0|0|0|0|0|0|0|0|0|0|0|0|0|0|0|0|0|0|0|0|0|0|0|0|0 12|12|10|10|0|0|0|0|0|0|0|0|0|0|10|10|0|0|0|0|0|0|0|0|0|0|0|0|0|0|0|0|0|0|0|0|0|0|0|0 1000|1000|0|0|0|0|0|0|0|0|0|0|0|0|0|0|0|0|0|100|0|0|0|0|0|0|0|0|0|0|0|0|0|0|0|0|0|0|0|0|0
28 3 辉煌套装 辉煌头盔|辉煌项链|辉煌戒指|辉煌护腕|辉煌腰带|辉煌战靴  0|0|0|0|0|0|0|0|0|0|0|0|0|0|0|0|0|0|0|0|0|0|0|0|0|0|0|0|0|0|0|0|0|0|0|0|0|0|0|0 6|6|0|0|0|0|0|0|0|0|0|0|0|0|0|0|0|0|0|0|0|0|0|0|0|0|0|0|0|0|0|0|0|0|0|0|0|0|0|0 0|0|0|0|0|0|0|15|15|0|0|0|0|0|0|0|0|0|0|100|0|0|0|0|0|0|0|0|0|0|0|0|0|0|0|0|0|0|0|0|0
29 4 辉煌套装 辉煌头盔|辉煌项链|辉煌戒指|辉煌护腕|辉煌腰带|辉煌战靴  0|0|0|0|0|0|0|0|0|0|0|0|0|0|0|0|0|0|0|0|0|0|0|0|0|0|0|0|0|0|0|0|0|0|0|0|0|0|0|0 0|0|0|0|0|0|0|0|0|0|0|0|0|0|0|0|0|0|0|0|0|0|0|0|0|0|0|0|0|0|0|0|0|0|0|0|0|0|0|0 0|0|0|0|35|35|35|0|0|0|3|3|0|0|0|0|35|35|35|100|0|0|0|0|0|0|0|0|0|0|0|0|0|0|0|0|0|0|0|0|0
30 6 辉煌套装 辉煌头盔|辉煌项链|辉煌戒指|辉煌护腕|辉煌腰带|辉煌战靴  0|0|0|0|0|0|0|0|0|0|0|0|0|0|0|0|0|0|0|0|0|0|0|0|0|0|0|0|0|0|0|0|0|0|0|0|0|0|0|0 0|0|0|0|15|15|15|0|0|0|0|0|0|0|0|0|15|15|15|0|0|0|0|0|0|0|0|0|0|0|0|0|0|0|0|0|0|0|0|0 0|0|0|0|0|0|0|0|0|0|0|0|0|0|0|0|0|0|0|100|0|0|0|0|0|0|0|0|0|0|0|0|0|0|0|0|0|0|0|0|0
31 3 寒冰套装 寒冰头盔|寒冰项链|寒冰指环|寒冰护腕|寒冰腰带|寒冰战靴  0|0|0|0|0|0|0|0|0|0|0|0|0|0|0|0|0|0|0|0|0|0|0|0|0|0|0|0|0|0|0|0|0|0|0|0|0|0|0|0 10|10|0|0|0|0|0|0|0|0|0|0|0|0|0|0|0|0|0|0|0|0|0|0|0|0|0|0|0|0|0|0|0|0|0|0|0|0|0|0 0|0|0|0|0|0|0|0|0|0|0|0|0|0|0|0|0|0|0|100|0|0|0|0|0|0|0|0|0|0|0|0|0|0|0|0|0|0|0|0|0
32 4 寒冰套装 寒冰头盔|寒冰项链|寒冰指环|寒冰护腕|寒冰腰带|寒冰战靴  0|0|0|0|0|0|0|0|0|0|0|0|0|0|0|0|0|0|0|0|0|0|0|0|0|0|0|0|0|0|0|0|0|0|0|0|0|0|0|0 12|12|0|0|0|0|0|0|0|0|0|0|0|0|0|0|0|0|0|0|0|0|0|0|0|0|0|0|0|0|0|0|0|0|0|0|0|0|0|0 0|0|0|0|0|0|0|0|0|0|0|0|0|0|0|0|0|0|0|100|0|0|0|0|0|0|0|0|0|0|0|0|0|0|0|0|0|0|0|0|0
33 6 寒冰套装 寒冰头盔|寒冰项链|寒冰指环|寒冰护腕|寒冰腰带|寒冰战靴  0|0|0|0|0|0|0|0|0|0|0|0|0|0|0|0|0|0|0|0|0|0|0|0|0|0|0|0|0|0|0|0|0|0|0|0|0|0|0|0 18|18|0|0|0|0|0|0|0|0|0|0|0|0|0|0|0|0|0|0|0|0|0|0|0|0|0|0|0|0|0|0|0|0|0|0|0|0|0|0 0|0|0|0|0|0|0|0|0|0|0|0|0|0|0|0|0|0|0|100|0|0|0|0|0|0|0|0|0|0|0|0|0|0|0|0|0|0|0|0|0
34 3 轩辕套装 轩辕头盔|轩辕项链|轩辕戒指|轩辕护腕|轩辕腰带|轩辕战靴  0|0|0|0|0|0|0|0|0|0|0|0|0|0|0|0|0|0|0|0|0|0|0|0|0|0|0|0|0|0|0|0|0|0|0|0|0|0|0|0 6|6|0|0|0|0|0|0|0|0|0|0|0|0|0|0|0|0|0|0|0|0|0|0|0|0|0|0|0|0|0|0|0|0|0|0|0|0|0|0 0|0|0|0|30|30|30|0|0|0|0|0|0|0|0|0|30|30|30|100|0|0|0|0|0|0|0|0|0|0|0|0|0|0|0|0|0|0|0|0|0
35 4 轩辕套装 轩辕头盔|轩辕项链|轩辕戒指|轩辕护腕|轩辕腰带|轩辕战靴  0|0|0|0|0|0|0|0|0|1|0|0|0|0|0|0|0|0|0|0|0|0|0|0|0|0|0|0|0|0|0|0|0|0|0|0|0|0|0|0 0|0|0|0|0|0|0|0|0|0|0|0|0|0|0|0|0|0|0|0|0|0|0|0|0|0|0|0|0|0|0|0|0|0|0|0|0|0|0|0 0|0|0|0|0|0|0|0|0|0|0|0|0|0|0|0|0|0|0|100|0|0|0|0|0|0|0|0|0|0|0|0|0|0|0|0|0|0|0|0|0
36 6 轩辕套装 轩辕头盔|轩辕项链|轩辕戒指|轩辕护腕|轩辕腰带|轩辕战靴  0|0|0|0|0|0|0|0|0|0|0|0|0|0|0|0|0|0|0|0|0|0|0|0|0|0|0|0|0|0|0|0|0|0|0|0|0|0|0|0 0|0|0|0|10|10|10|0|0|0|0|0|0|0|0|0|10|10|10|0|0|0|0|0|0|0|0|0|0|0|0|0|0|0|0|0|0|0|0|0 0|0|0|0|0|0|0|0|0|0|0|0|0|0|0|0|0|0|0|100|0|0|0|0|0|0|0|0|0|0|0|0|0|0|0|0|0|0|0|0|0
37 3 苍穹C龙啸套装 苍穹C龙啸头盔|苍穹C龙啸项链|苍穹C龙啸戒指|苍穹C龙啸护腕|苍穹C龙啸腰带|苍穹C龙啸战靴  0|0|0|0|0|0|0|0|0|0|0|0|0|0|0|0|0|0|0|0|0|0|0|0|0|0|0|0|0|0|0|0|0|0|0|0|0|0|0|0 0|0|8|8|0|0|0|0|0|0|0|0|0|0|8|8|0|0|0|0|0|0|0|0|0|0|0|0|0|0|0|0|0|0|0|0|0|0|0|0 1500|1500|0|0|0|0|0|0|0|0|0|0|0|0|0|0|0|0|0|100|0|0|0|0|0|0|0|0|0|0|0|0|0|0|0|0|0|0|0|0|0
38 4 苍穹C龙啸套装 苍穹C龙啸头盔|苍穹C龙啸项链|苍穹C龙啸戒指|苍穹C龙啸护腕|苍穹C龙啸腰带|苍穹C龙啸战靴  0|0|0|0|0|0|0|0|0|0|0|0|0|0|0|0|0|0|0|0|0|0|0|0|0|0|0|0|0|0|0|0|0|0|0|0|0|0|0|0 0|0|0|0|0|0|0|0|0|0|0|0|0|0|0|0|0|0|0|0|0|0|0|0|0|0|0|0|0|0|0|0|0|0|0|0|0|0|0|0 0|0|0|0|0|0|0|100|100|0|0|0|0|0|0|0|0|0|0|100|0|0|0|0|0|0|0|0|0|0|0|0|0|0|0|0|0|0|0|0|0
39 6 苍穹C龙啸套装 苍穹C龙啸头盔|苍穹C龙啸项链|苍穹C龙啸戒指|苍穹C龙啸护腕|苍穹C龙啸腰带|苍穹C龙啸战靴  0|0|0|0|0|0|0|0|0|0|0|0|0|0|0|0|0|0|0|0|0|0|0|0|0|0|0|0|0|0|0|0|0|0|0|0|0|0|0|0 0|0|0|0|12|12|12|0|0|0|0|0|0|0|0|0|12|12|12|0|0|0|0|0|0|0|0|0|0|0|0|0|0|0|0|0|0|0|0|0 0|0|0|0|0|0|0|0|0|0|0|0|0|0|0|0|0|0|0|100|0|0|0|0|0|0|0|0|0|0|0|0|0|0|0|0|0|0|0|0|0
40 3 炽血C凤舞套装 炽血C凤舞头盔|炽血C凤舞项链|炽血C凤舞指环|炽血C凤舞护腕|炽血C凤舞腰带|炽血C凤舞战靴  0|0|0|0|0|0|0|0|0|0|0|0|0|0|0|0|0|0|0|0|0|0|0|0|0|0|0|0|0|0|0|0|0|0|0|0|0|0|0|0 0|0|0|0|0|0|0|0|0|0|0|0|0|0|0|0|0|0|0|0|0|0|0|0|0|0|0|0|0|0|0|0|0|0|0|0|0|0|0|0 1000|1000|0|0|0|0|0|0|0|0|0|0|0|0|0|0|0|0|0|100|0|0|0|0|0|0|0|0|0|0|0|0|0|0|0|0|0|0|0|0|0
41 4 炽血C凤舞套装 炽血C凤舞头盔|炽血C凤舞项链|炽血C凤舞指环|炽血C凤舞护腕|炽血C凤舞腰带|炽血C凤舞战靴  0|0|0|0|0|0|0|0|0|0|0|0|0|0|0|0|0|0|0|0|0|0|0|0|0|0|0|0|0|0|0|0|0|0|0|0|0|0|0|0 20|20|0|0|0|0|0|0|0|0|0|0|0|0|0|0|0|0|0|0|0|0|0|0|0|0|0|0|0|0|0|0|0|0|0|0|0|0|0|0 0|0|0|0|0|0|0|0|0|0|0|0|0|0|0|0|0|0|0|100|0|0|0|0|0|0|0|0|0|0|0|0|0|0|0|0|0|0|0|0|0
42 6 炽血C凤舞套装 炽血C凤舞头盔|炽血C凤舞项链|炽血C凤舞指环|炽血C凤舞护腕|炽血C凤舞腰带|炽血C凤舞战靴  0|0|0|0|0|0|0|0|0|0|0|0|0|0|0|0|0|0|0|0|0|0|0|0|0|0|0|0|0|0|0|0|0|0|0|0|0|0|0|0 0|0|0|0|5|5|5|0|0|0|0|0|0|0|0|0|5|5|5|0|0|0|0|0|0|0|0|0|0|0|0|0|0|0|0|0|0|0|0|0 0|0|0|0|120|120|120|0|0|0|0|0|0|0|0|0|120|120|120|100|0|0|0|0|0|0|0|0|0|0|0|0|0|0|0|0|0|0|0|0|0
43 3 幻月C无双套装 幻月C无双头盔|幻月C无双项链|幻月C无双戒指|幻月C无双护腕|幻月C无双腰带|幻月C无双战靴  0|0|0|0|0|0|0|0|0|0|0|0|0|0|0|0|0|0|0|0|0|0|0|0|0|0|0|0|0|0|0|0|0|0|0|0|0|0|0|0 0|0|0|0|0|0|0|0|0|0|0|0|0|0|0|0|0|0|0|0|0|0|0|0|0|0|0|0|0|0|0|0|0|0|0|0|0|0|0|0 0|0|0|0|50|50|50|0|0|0|0|0|0|0|0|0|50|50|50|100|0|0|0|0|0|0|0|0|0|0|0|0|0|0|0|0|0|0|0|0|0
44 4 幻月C无双套装 幻月C无双头盔|幻月C无双项链|幻月C无双戒指|幻月C无双护腕|幻月C无双腰带|幻月C无双战靴  0|0|0|0|0|0|0|0|0|0|0|0|0|0|0|0|0|0|0|0|0|0|0|0|0|0|0|0|0|0|0|0|0|0|0|0|0|0|0|0 0|0|0|0|0|0|0|0|0|0|0|0|0|0|0|0|0|0|0|0|0|0|0|0|0|0|0|0|0|0|0|0|0|0|0|0|0|0|0|0 0|0|0|0|80|80|80|0|0|0|0|0|0|0|0|0|80|80|80|100|0|0|0|0|0|0|0|0|0|0|0|0|0|0|0|0|0|0|0|0|0
45 6 幻月C无双套装 幻月C无双头盔|幻月C无双项链|幻月C无双戒指|幻月C无双护腕|幻月C无双腰带|幻月C无双战靴  0|0|0|0|0|0|0|0|0|0|0|0|0|0|0|0|0|0|0|0|0|0|0|0|0|0|0|0|0|0|0|0|0|0|0|0|0|0|0|0 0|0|0|0|10|10|10|0|0|0|0|0|0|0|0|0|10|10|10|0|0|0|0|0|0|0|0|0|0|0|0|0|0|0|0|0|0|0|0|0 0|0|0|0|0|0|0|0|0|0|0|0|0|0|0|0|0|0|0|100|0|0|0|0|0|0|0|0|0|0|0|0|0|0|0|0|0|0|0|0|0
46 3 炎龙C炙炎套装 炎龙C炙炎头盔|炎龙C炙炎项链|炎龙C炙炎戒指|炎龙C炙炎护腕|炎龙C炙炎腰带|炎龙C炙炎战靴  0|0|0|0|0|0|0|0|0|0|0|0|0|0|0|0|0|0|0|0|0|0|0|0|0|0|0|0|0|0|0|0|0|0|0|0|0|0|0|0 5|0|5|5|0|0|0|0|0|0|0|0|0|0|5|5|0|0|0|0|0|0|0|0|0|0|0|0|0|0|0|0|0|0|0|0|0|0|0|0 0|0|50|50|0|0|0|0|0|0|0|0|0|0|50|50|0|0|0|100|0|0|0|0|0|0|0|0|0|0|0|0|0|0|0|0|0|0|0|0|0
47 4 炎龙C炙炎套装 炎龙C炙炎头盔|炎龙C炙炎项链|炎龙C炙炎戒指|炎龙C炙炎护腕|炎龙C炙炎腰带|炎龙C炙炎战靴  0|0|0|0|0|0|0|0|0|0|0|0|0|0|0|0|0|0|0|0|0|0|0|0|0|0|0|0|0|0|0|0|0|0|0|0|0|0|0|0 5|0|0|0|0|0|0|0|0|0|0|0|0|0|0|0|0|0|0|0|0|0|0|0|0|0|0|0|0|0|0|0|0|0|0|0|0|0|0|0 0|0|0|0|100|100|100|30|30|0|0|0|0|0|0|0|100|100|100|100|0|0|0|0|0|0|0|0|0|0|0|0|0|0|0|0|0|0|0|0|0
48 6 炎龙C炙炎套装 炎龙C炙炎头盔|炎龙C炙炎项链|炎龙C炙炎戒指|炎龙C炙炎护腕|炎龙C炙炎腰带|炎龙C炙炎战靴  0|0|0|0|0|0|0|0|0|0|0|0|0|0|0|0|0|0|0|0|0|0|0|0|0|0|0|0|0|0|0|0|0|0|0|0|0|0|0|0 8|0|0|0|0|0|0|0|0|0|0|0|0|0|0|0|0|0|0|0|0|0|0|0|0|0|0|0|0|0|0|0|0|0|0|0|0|0|0|0 0|0|0|0|0|0|0|0|0|0|0|0|0|0|0|0|0|0|0|200|0|0|0|0|0|0|0|0|0|0|0|0|0|0|0|0|0|0|0|0|0
49 3 玄龙C浴魂套装 玄龙C浴魂头盔|玄龙C浴魂项链|玄龙C浴魂戒指|玄龙C浴魂护腕|玄龙C浴魂腰带|玄龙C浴魂战靴  0|0|0|0|0|0|0|0|0|0|0|0|0|0|0|0|0|0|0|0|0|0|0|0|0|0|0|0|0|0|0|0|0|0|0|0|0|0|0|0 0|0|0|0|0|0|0|0|0|0|0|0|0|0|0|0|0|0|0|0|0|0|0|0|0|0|0|0|0|0|0|0|0|0|0|0|0|0|0|0 2000|2000|0|0|0|0|0|0|0|0|0|0|0|0|0|0|0|0|0|100|0|0|0|0|0|0|0|0|0|0|0|0|0|0|0|0|0|0|0|0|0
50 4 玄龙C浴魂套装 玄龙C浴魂头盔|玄龙C浴魂项链|玄龙C浴魂戒指|玄龙C浴魂护腕|玄龙C浴魂腰带|玄龙C浴魂战靴  0|0|0|0|0|0|0|0|0|0|0|0|0|0|0|0|0|0|0|0|0|0|0|0|0|0|0|0|0|0|0|0|0|0|0|0|0|0|0|0 0|0|0|0|12|12|12|0|0|0|0|0|0|0|0|0|12|12|12|0|0|0|0|0|0|0|0|0|0|0|0|0|0|0|0|0|0|0|0|0 0|0|120|120|0|0|0|0|0|0|0|0|0|0|120|120|0|0|0|100|0|0|0|0|0|0|0|0|0|0|0|0|0|0|0|0|0|0|0|0|0
51 6 玄龙C浴魂套装 玄龙C浴魂头盔|玄龙C浴魂项链|玄龙C浴魂戒指|玄龙C浴魂护腕|玄龙C浴魂腰带|玄龙C浴魂战靴  0|0|0|0|0|0|0|0|0|0|0|0|0|0|0|0|0|0|0|0|0|0|0|0|0|0|0|0|0|0|0|0|0|0|0|0|0|0|0|0 20|20|0|0|0|0|0|0|0|0|0|0|0|0|0|0|0|0|0|0|0|0|0|0|0|0|0|0|0|0|0|0|0|0|0|0|0|0|0|0 0|0|0|0|180|180|180|0|0|0|0|0|0|0|0|0|180|180|80|100|0|0|0|0|0|0|0|0|0|0|0|0|0|0|0|0|0|0|0|0|0
52 2 低级时装套装 低级时装头盔|低级时装项链|低级时装戒指|低级时装护腕|低级时装腰带|低级时装战靴|低级时装武器|低级时装衣服(男)|低级时装衣服(女)  0|0|0|0|0|0|0|0|0|0|0|0|0|0|0|0|0|0|0|0|0|0|0|0|0|0|0|0|0|0|0|0|0|0|0|0|0|0|0|0 0|0|0|0|0|0|0|0|0|0|0|0|0|0|0|0|0|0|0|0|0|0|0|0|0|0|0|0|0|0|0|0|0|0|0|0|0|0|0|0 500|500|0|0|0|0|0|0|0|0|0|0|0|0|0|0|0|0|0|135|0|0|0|0|0|0|0|0|0|0|0|0|0|0|0|0|0|0|0|0|0
53 3 低级时装套装 低级时装头盔|低级时装项链|低级时装戒指|低级时装护腕|低级时装腰带|低级时装战靴|低级时装武器|低级时装衣服(男)|低级时装衣服(女)  0|0|0|0|0|0|0|0|0|0|0|0|0|0|0|0|0|0|0|0|0|0|0|0|0|0|0|0|0|0|0|0|0|0|0|0|0|0|0|0 0|0|0|0|5|5|5|0|0|0|0|0|0|0|0|0|5|5|5|0|0|0|0|0|0|0|0|0|0|0|0|0|0|0|0|0|0|0|0|0 0|0|0|0|0|0|0|0|0|0|0|0|0|0|0|0|0|0|0|100|0|0|0|0|0|0|0|0|0|0|0|0|0|0|0|0|0|0|0|0|0
54 4 低级时装套装 低级时装头盔|低级时装项链|低级时装戒指|低级时装护腕|低级时装腰带|低级时装战靴|低级时装武器|低级时装衣服(男)|低级时装衣服(女)  0|0|0|0|0|0|0|0|0|0|0|0|0|0|0|0|0|0|0|0|0|0|0|0|0|0|0|0|0|0|0|0|0|0|0|0|0|0|0|0 5|5|8|8|0|0|0|0|0|0|0|0|0|0|8|8|0|0|0|0|0|0|0|0|0|0|0|0|0|0|0|0|0|0|0|0|0|0|0|0 0|0|0|0|0|0|0|0|0|0|0|0|0|0|0|0|0|0|0|100|0|0|0|0|0|0|0|0|0|0|0|0|0|0|0|0|0|0|0|0|0
55 6 低级时装套装 低级时装头盔|低级时装项链|低级时装戒指|低级时装护腕|低级时装腰带|低级时装战靴|低级时装武器|低级时装衣服(男)|低级时装衣服(女)  0|0|1|0|0|0|0|0|0|0|0|0|0|0|0|0|0|0|0|0|0|0|0|0|0|0|0|0|0|0|0|0|0|0|0|0|0|0|0|0 3|3|0|0|0|0|0|0|0|0|0|0|0|0|0|0|0|0|0|0|0|0|0|0|0|0|0|0|0|0|0|0|0|0|0|0|0|0|0|0 0|0|0|0|50|50|50|0|0|0|0|0|0|0|0|0|50|50|50|100|0|0|0|0|0|0|0|0|0|0|0|0|0|0|0|0|0|0|0|0|0
56 8 低级时装套装 低级时装头盔|低级时装项链|低级时装戒指|低级时装护腕|低级时装腰带|低级时装战靴|低级时装武器|低级时装衣服(男)|低级时装衣服(女)  0|0|0|0|0|0|0|0|0|0|0|0|0|0|0|0|0|0|0|0|0|0|0|0|0|0|0|0|0|0|0|0|0|0|0|0|0|0|0|0 8|8|0|0|8|8|8|0|0|0|0|0|0|0|0|0|8|8|8|0|0|0|0|0|0|0|0|0|0|0|0|0|0|0|0|0|0|0|0|0 0|0|0|0|0|0|0|0|0|0|0|0|0|0|0|0|0|0|0|100|0|0|0|0|0|0|0|0|0|0|0|0|0|0|0|0|0|0|0|0|0
57 2 高级时装套装 高级时装头盔|高级时装项链|高级时装戒指|高级时装护腕|高级时装腰带|高级时装战靴|高级时装武器|高级时装衣服(男)|高级时装衣服(女)  0|0|0|0|0|0|0|0|0|0|0|0|0|0|0|0|0|0|0|0|0|0|0|0|0|0|0|0|0|0|0|0|0|0|0|0|0|0|0|0 5|5|0|0|0|0|0|0|0|0|0|0|0|0|0|0|0|0|0|0|0|0|0|0|0|0|0|0|0|0|0|0|0|0|0|0|0|0|0|0 0|0|0|0|0|0|0|0|0|0|0|0|0|0|0|0|0|0|0|145|0|0|0|0|0|0|0|0|0|0|0|0|0|0|0|0|0|0|0|0|0
58 3 高级时装套装 高级时装头盔|高级时装项链|高级时装戒指|高级时装护腕|高级时装腰带|高级时装战靴|高级时装武器|高级时装衣服(男)|高级时装衣服(女)  0|0|0|0|0|0|0|0|0|0|0|0|0|0|0|0|0|0|0|0|0|0|0|0|0|0|0|0|0|0|0|0|0|0|0|0|0|0|0|0 0|0|0|0|0|0|0|0|0|0|0|0|0|0|0|0|0|0|0|0|0|0|0|0|0|0|0|0|0|0|0|0|0|0|0|0|0|0|0|0 1000|1000|80|80|0|0|0|0|0|0|0|0|0|0|80|80|0|0|0|100|0|0|0|0|0|0|0|0|0|0|0|0|0|0|0|0|0|0|0|0|0
59 4 高级时装套装 高级时装头盔|高级时装项链|高级时装戒指|高级时装护腕|高级时装腰带|高级时装战靴|高级时装武器|高级时装衣服(男)|高级时装衣服(女)  0|0|0|0|0|0|0|0|0|0|0|0|0|0|0|0|0|0|0|0|0|0|0|0|0|0|0|0|0|0|0|0|0|0|0|0|0|0|0|0 0|0|10|10|0|0|0|0|0|0|0|0|0|0|10|10|0|0|0|0|0|0|0|0|0|0|0|0|0|0|0|0|0|0|0|0|0|0|0|0 0|0|0|0|0|0|0|30|0|0|0|0|0|0|0|0|0|0|0|100|0|0|0|0|0|0|0|0|0|0|0|0|0|0|0|0|0|0|0|0|0
60 6 高级时装套装 高级时装头盔|高级时装项链|高级时装戒指|高级时装护腕|高级时装腰带|高级时装战靴|高级时装武器|高级时装衣服(男)|高级时装衣服(女)  0|0|0|0|0|0|0|0|0|0|0|0|0|0|0|0|0|0|0|0|0|0|0|0|0|0|0|0|0|0|0|0|0|0|0|0|0|0|0|0 10|10|0|0|0|0|0|0|0|0|0|0|0|0|0|0|0|0|0|0|0|0|0|0|0|0|0|0|0|0|0|0|0|0|0|0|0|0|0|0 0|0|0|0|80|80|80|0|0|0|0|0|0|0|0|0|80|80|80|100|0|0|0|0|0|0|0|0|0|0|0|0|0|0|0|0|0|0|0|0|0
61 8 高级时装套装 高级时装头盔|高级时装项链|高级时装戒指|高级时装护腕|高级时装腰带|高级时装战靴|高级时装武器|高级时装衣服(男)|高级时装衣服(女)  0|0|0|0|0|0|0|0|0|0|0|0|0|0|0|0|0|0|0|0|0|0|0|0|0|0|0|0|0|0|0|0|0|0|0|0|0|0|0|0 0|0|0|0|10|10|10|0|0|0|0|0|0|0|0|0|10|10|10|0|0|0|0|0|0|0|0|0|0|0|0|0|0|0|0|0|0|0|0|0 0|0|0|0|0|0|0|0|0|0|0|0|0|0|0|0|0|0|0|100|0|0|0|0|0|0|0|0|0|0|0|0|0|0|0|0|0|0|0|0|0
62 2 稀有时装套装 稀有时装头盔|稀有时装项链|稀有时装戒指|稀有时装护腕|稀有时装腰带|稀有时装战靴|稀有时装武器|稀有时装衣服(男)|稀有时装衣服(女)  0|0|0|0|0|0|0|0|0|0|0|0|0|0|0|0|0|0|0|0|0|0|0|0|0|0|0|0|0|0|0|0|0|0|0|0|0|0|0|0 0|0|0|0|5|5|5|0|0|0|0|0|0|0|0|0|5|5|5|0|0|0|0|0|0|0|0|0|0|0|0|0|0|0|0|0|0|0|0|0 0|0|0|0|0|0|0|0|0|0|0|0|0|0|0|0|0|0|0|100|0|0|0|0|0|0|0|0|0|0|0|0|0|0|0|0|0|0|0|0|0
63 3 稀有时装套装 稀有时装头盔|稀有时装项链|稀有时装戒指|稀有时装护腕|稀有时装腰带|稀有时装战靴|稀有时装武器|稀有时装衣服(男)|稀有时装衣服(女)  0|0|0|0|0|0|0|0|0|0|0|0|0|0|0|0|0|0|0|0|0|0|0|0|0|0|0|0|0|0|0|0|0|0|0|0|0|0|0|0 5|5|5|5|0|0|0|0|0|0|0|0|0|0|5|5|0|0|0|0|0|0|0|0|0|0|0|0|0|0|0|0|0|0|0|0|0|0|0|0 0|0|0|0|0|0|0|0|0|0|0|0|0|0|0|0|0|0|0|100|0|0|0|0|0|0|0|0|0|0|0|0|0|0|0|0|0|0|0|0|0
64 4 稀有时装套装 稀有时装头盔|稀有时装项链|稀有时装戒指|稀有时装护腕|稀有时装腰带|稀有时装战靴|稀有时装武器|稀有时装衣服(男)|稀有时装衣服(女)  0|0|0|0|0|0|0|0|0|0|0|0|0|0|0|0|0|0|0|0|0|0|0|0|0|0|0|0|0|0|0|0|0|0|0|0|0|0|0|0 0|0|0|0|0|0|0|0|0|0|0|0|0|0|0|0|0|0|0|0|0|0|0|0|0|0|0|0|0|0|0|0|0|0|0|0|0|0|0|0 0|0|0|0|100|100|100|0|0|0|0|0|0|0|0|0|100|100|100|100|0|0|0|0|0|0|0|0|0|0|0|0|0|0|0|0|0|0|0|0|0
65 6 稀有时装套装 稀有时装头盔|稀有时装项链|稀有时装戒指|稀有时装护腕|稀有时装腰带|稀有时装战靴|稀有时装武器|稀有时装衣服(男)|稀有时装衣服(女)  0|0|0|0|0|0|0|0|0|0|0|0|0|0|0|0|0|0|0|0|0|0|0|0|0|0|0|0|0|0|0|0|0|0|0|0|0|0|0|0 8|8|0|0|0|0|0|0|0|0|0|0|0|0|0|0|0|0|0|0|0|0|0|0|0|0|0|0|0|0|0|0|0|0|0|0|0|0|0|0 0|0|0|0|0|0|0|0|0|0|0|0|3|3|0|0|0|0|0|100|0|0|0|0|0|0|0|0|0|0|0|0|0|0|0|0|0|0|0|0|0
66 8 稀有时装套装 稀有时装头盔|稀有时装项链|稀有时装戒指|稀有时装护腕|稀有时装腰带|稀有时装战靴|稀有时装武器|稀有时装衣服(男)|稀有时装衣服(女)  0|0|0|0|0|0|0|0|0|0|0|0|0|0|0|0|0|0|0|0|0|0|0|0|0|0|0|0|0|0|0|0|0|0|0|0|0|0|0|0 7|7|0|0|12|12|12|0|0|0|0|0|0|0|0|0|12|12|12|0|0|0|0|0|0|0|0|0|0|0|0|0|0|0|0|0|0|0|0|0 0|0|0|0|0|0|0|0|0|0|0|0|0|0|0|0|0|0|0|100|0|0|0|0|0|0|0|0|0|0|0|0|0|0|0|0|0|0|0|0|0
67 2 特戒守护 麻痹戒指+1|护身戒指+1|复活戒指+1|魔道麻痹戒指+1  0|0|0|0|0|0|0|0|0|0|0|0|0|0|0|0|0|0|0|0|0|0|0|0|0|0|0|0|0|0|0|0|0|0|0|0|0|0|0|0 0|0|0|0|5|5|5|0|0|0|0|0|0|0|0|0|5|5|5|0|0|0|0|0|0|0|0|0|0|0|0|0|0|0|0|0|0|0|0|0 0|0|0|0|0|0|0|0|0|0|0|0|0|0|0|0|0|0|0|100|0|0|0|0|0|0|0|0|0|0|0|0|0|0|0|0|0|0|0|0|0
68 2 特戒守护 麻痹戒指+2|护身戒指+2|复活戒指+2|魔道麻痹戒指+2  0|0|0|0|0|0|0|0|0|0|0|0|0|0|0|0|0|0|0|0|0|0|0|0|0|0|0|0|0|0|0|0|0|0|0|0|0|0|0|0 0|0|0|0|5|5|5|0|0|0|0|0|0|0|0|0|5|5|5|0|0|0|0|0|0|0|0|0|0|0|0|0|0|0|0|0|0|0|0|0 0|0|0|0|0|0|0|0|0|0|0|0|0|0|0|0|0|0|0|100|0|0|0|0|0|0|0|0|0|0|0|0|0|0|0|0|0|0|0|0|0
69 2 特戒守护 麻痹戒指+3|护身戒指+3|复活戒指+3|魔道麻痹戒指+3  0|0|0|0|0|0|0|0|0|0|0|0|0|0|0|0|0|0|0|0|0|0|0|0|0|0|0|0|0|0|0|0|0|0|0|0|0|0|0|0 0|0|0|0|5|5|5|0|0|0|0|0|0|0|0|0|5|5|5|0|0|0|0|0|0|0|0|0|0|0|0|0|0|0|0|0|0|0|0|0 0|0|0|0|0|0|0|0|0|0|0|0|0|0|0|0|0|0|0|100|0|0|0|0|0|0|0|0|0|0|0|0|0|0|0|0|0|0|0|0|0
70 2 特戒守护 麻痹戒指+4|护身戒指+4|复活戒指+4|魔道麻痹戒指+4  0|0|0|0|0|0|0|0|0|0|0|0|0|0|0|0|0|0|0|0|0|0|0|0|0|0|0|0|0|0|0|0|0|0|0|0|0|0|0|0 0|0|0|0|5|5|5|0|0|0|0|0|0|0|0|0|5|5|5|0|0|0|0|0|0|0|0|0|0|0|0|0|0|0|0|0|0|0|0|0 0|0|0|0|0|0|0|0|0|0|0|0|0|0|0|0|0|0|0|100|0|0|0|0|0|0|0|0|0|0|0|0|0|0|0|0|0|0|0|0|0
71 2 特戒守护 麻痹戒指+5|护身戒指+5|复活戒指+5|魔道麻痹戒指+5  0|0|0|0|0|0|0|0|0|0|0|0|0|0|0|0|0|0|0|0|0|0|0|0|0|0|0|0|0|0|0|0|0|0|0|0|0|0|0|0 0|0|0|0|5|5|5|0|0|0|0|0|0|0|0|0|5|5|5|0|0|0|0|0|0|0|0|0|0|0|0|0|0|0|0|0|0|0|0|0 0|0|0|0|0|0|0|0|0|0|0|0|0|0|0|0|0|0|0|100|0|0|0|0|0|0|0|0|0|0|0|0|0|0|0|0|0|0|0|0|0
72 2 特戒守护 麻痹戒指+6|护身戒指+6|复活戒指+6|魔道麻痹戒指+6  0|0|0|0|0|0|0|0|0|0|0|0|0|0|0|0|0|0|0|0|0|0|0|0|0|0|0|0|0|0|0|0|0|0|0|0|0|0|0|0 0|0|0|0|6|6|6|0|0|0|0|0|0|0|0|0|6|6|6|0|0|0|0|0|0|0|0|0|0|0|0|0|0|0|0|0|0|0|0|0 0|0|0|0|0|0|0|0|0|0|0|0|0|0|0|0|0|0|0|100|0|0|0|0|0|0|0|0|0|0|0|0|0|0|0|0|0|0|0|0|0
73 2 特戒守护 麻痹戒指+7|护身戒指+7|复活戒指+7|魔道麻痹戒指+7  0|0|0|0|0|0|0|0|0|0|0|0|0|0|0|0|0|0|0|0|0|0|0|0|0|0|0|0|0|0|0|0|0|0|0|0|0|0|0|0 0|0|0|0|6|6|6|0|0|0|0|0|0|0|0|0|6|6|6|0|0|0|0|0|0|0|0|0|0|0|0|0|0|0|0|0|0|0|0|0 0|0|0|0|0|0|0|0|0|0|0|0|0|0|0|0|0|0|0|100|0|0|0|0|0|0|0|0|0|0|0|0|0|0|0|0|0|0|0|0|0
74 2 特戒守护 麻痹戒指+8|护身戒指+8|复活戒指+8|魔道麻痹戒指+8  0|0|0|0|0|0|0|0|0|0|0|0|0|0|0|0|0|0|0|0|0|0|0|0|0|0|0|0|0|0|0|0|0|0|0|0|0|0|0|0 0|0|0|0|6|6|6|0|0|0|0|0|0|0|0|0|6|6|6|0|0|0|0|0|0|0|0|0|0|0|0|0|0|0|0|0|0|0|0|0 0|0|0|0|0|0|0|0|0|0|0|0|0|0|0|0|0|0|0|100|0|0|0|0|0|0|0|0|0|0|0|0|0|0|0|0|0|0|0|0|0
75 2 特戒守护 麻痹戒指+9|护身戒指+9|复活戒指+9|魔道麻痹戒指+9  0|0|0|0|0|0|0|0|0|0|0|0|0|0|0|0|0|0|0|0|0|0|0|0|0|0|0|0|0|0|0|0|0|0|0|0|0|0|0|0 0|0|0|0|6|6|6|0|0|0|0|0|0|0|0|0|6|6|6|0|0|0|0|0|0|0|0|0|0|0|0|0|0|0|0|0|0|0|0|0 0|0|0|0|0|0|0|0|0|0|0|0|0|0|0|0|0|0|0|100|0|0|0|0|0|0|0|0|0|0|0|0|0|0|0|0|0|0|0|0|0
76 2 特戒守护 麻痹戒指+10|护身戒指+10|复活戒指+10|魔道麻痹戒指+10  0|0|0|0|0|0|0|0|0|0|0|0|0|0|0|0|0|0|0|0|0|0|0|0|0|0|0|0|0|0|0|0|0|0|0|0|0|0|0|0 0|0|0|0|6|6|6|0|0|0|0|0|0|0|0|0|6|6|6|0|0|0|0|0|0|0|0|0|0|0|0|0|0|0|0|0|0|0|0|0 0|0|0|0|0|0|0|0|0|0|0|0|0|0|0|0|0|0|0|100|0|0|0|0|0|0|0|0|0|0|0|0|0|0|0|0|0|0|0|0|0
77 2 特戒守护 麻痹戒指+11|护身戒指+11|复活戒指+11|魔道麻痹戒指+11  0|0|0|0|0|0|0|0|0|0|0|0|0|0|0|0|0|0|0|0|0|0|0|0|0|0|0|0|0|0|0|0|0|0|0|0|0|0|0|0 0|0|0|0|7|7|7|0|0|0|0|0|0|0|0|0|7|7|7|0|0|0|0|0|0|0|0|0|0|0|0|0|0|0|0|0|0|0|0|0 0|0|0|0|0|0|0|0|0|0|0|0|0|0|0|0|0|0|0|100|0|0|0|0|0|0|0|0|0|0|0|0|0|0|0|0|0|0|0|0|0
78 2 特戒守护 麻痹戒指+12|护身戒指+12|复活戒指+12|魔道麻痹戒指+12  0|0|0|0|0|0|0|0|0|0|0|0|0|0|0|0|0|0|0|0|0|0|0|0|0|0|0|0|0|0|0|0|0|0|0|0|0|0|0|0 0|0|0|0|7|7|7|0|0|0|0|0|0|0|0|0|7|7|7|0|0|0|0|0|0|0|0|0|0|0|0|0|0|0|0|0|0|0|0|0 0|0|0|0|0|0|0|0|0|0|0|0|0|0|0|0|0|0|0|100|0|0|0|0|0|0|0|0|0|0|0|0|0|0|0|0|0|0|0|0|0
79 2 特戒守护 麻痹戒指+13|护身戒指+13|复活戒指+13|魔道麻痹戒指+13  0|0|0|0|0|0|0|0|0|0|0|0|0|0|0|0|0|0|0|0|0|0|0|0|0|0|0|0|0|0|0|0|0|0|0|0|0|0|0|0 0|0|0|0|7|7|7|0|0|0|0|0|0|0|0|0|7|7|7|0|0|0|0|0|0|0|0|0|0|0|0|0|0|0|0|0|0|0|0|0 0|0|0|0|0|0|0|0|0|0|0|0|0|0|0|0|0|0|0|100|0|0|0|0|0|0|0|0|0|0|0|0|0|0|0|0|0|0|0|0|0
80 2 特戒守护 麻痹戒指+14|护身戒指+14|复活戒指+14|魔道麻痹戒指+14  0|0|0|0|0|0|0|0|0|0|0|0|0|0|0|0|0|0|0|0|0|0|0|0|0|0|0|0|0|0|0|0|0|0|0|0|0|0|0|0 0|0|0|0|7|7|7|0|0|0|0|0|0|0|0|0|7|7|7|0|0|0|0|0|0|0|0|0|0|0|0|0|0|0|0|0|0|0|0|0 0|0|0|0|0|0|0|0|0|0|0|0|0|0|0|0|0|0|0|100|0|0|0|0|0|0|0|0|0|0|0|0|0|0|0|0|0|0|0|0|0
81 2 特戒守护 麻痹戒指+15|护身戒指+15|复活戒指+15|魔道麻痹戒指+15  0|0|0|0|0|0|0|0|0|0|0|0|0|0|0|0|0|0|0|0|0|0|0|0|0|0|0|0|0|0|0|0|0|0|0|0|0|0|0|0 0|0|0|0|7|7|7|0|0|0|0|0|0|0|0|0|7|7|7|0|0|0|0|0|0|0|0|0|0|0|0|0|0|0|0|0|0|0|0|0 0|0|0|0|0|0|0|0|0|0|0|0|0|0|0|0|0|0|0|100|0|0|0|0|0|0|0|0|0|0|0|0|0|0|0|0|0|0|0|0|0
82 2 特戒守护 麻痹戒指+16|护身戒指+16|复活戒指+16|魔道麻痹戒指+16  0|0|0|0|0|0|0|0|0|0|0|0|0|0|0|0|0|0|0|0|0|0|0|0|0|0|0|0|0|0|0|0|0|0|0|0|0|0|0|0 0|0|0|0|8|8|8|0|0|0|0|0|0|0|0|0|8|8|8|0|0|0|0|0|0|0|0|0|0|0|0|0|0|0|0|0|0|0|0|0 0|0|0|0|0|0|0|0|0|0|0|0|0|0|0|0|0|0|0|100|0|0|0|0|0|0|0|0|0|0|0|0|0|0|0|0|0|0|0|0|0
83 2 特戒守护 麻痹戒指+17|护身戒指+17|复活戒指+17|魔道麻痹戒指+17  0|0|0|0|0|0|0|0|0|0|0|0|0|0|0|0|0|0|0|0|0|0|0|0|0|0|0|0|0|0|0|0|0|0|0|0|0|0|0|0 0|0|0|0|8|8|8|0|0|0|0|0|0|0|0|0|8|8|8|0|0|0|0|0|0|0|0|0|0|0|0|0|0|0|0|0|0|0|0|0 0|0|0|0|0|0|0|0|0|0|0|0|0|0|0|0|0|0|0|100|0|0|0|0|0|0|0|0|0|0|0|0|0|0|0|0|0|0|0|0|0
84 2 特戒守护 麻痹戒指+18|护身戒指+18|复活戒指+18|魔道麻痹戒指+18  0|0|0|0|0|0|0|0|0|0|0|0|0|0|0|0|0|0|0|0|0|0|0|0|0|0|0|0|0|0|0|0|0|0|0|0|0|0|0|0 0|0|0|0|8|8|8|0|0|0|0|0|0|0|0|0|8|8|8|0|0|0|0|0|0|0|0|0|0|0|0|0|0|0|0|0|0|0|0|0 0|0|0|0|0|0|0|0|0|0|0|0|0|0|0|0|0|0|0|100|0|0|0|0|0|0|0|0|0|0|0|0|0|0|0|0|0|0|0|0|0
85 2 特戒守护 麻痹戒指+19|护身戒指+19|复活戒指+19|魔道麻痹戒指+19  0|0|0|0|0|0|0|0|0|0|0|0|0|0|0|0|0|0|0|0|0|0|0|0|0|0|0|0|0|0|0|0|0|0|0|0|0|0|0|0 0|0|0|0|8|8|8|0|0|0|0|0|0|0|0|0|8|8|8|0|0|0|0|0|0|0|0|0|0|0|0|0|0|0|0|0|0|0|0|0 0|0|0|0|0|0|0|0|0|0|0|0|0|0|0|0|0|0|0|100|0|0|0|0|0|0|0|0|0|0|0|0|0|0|0|0|0|0|0|0|0
86 2 特戒守护 麻痹戒指+20|护身戒指+20|复活戒指+20|魔道麻痹戒指+20  0|0|0|0|0|0|0|0|0|0|0|0|0|0|0|0|0|0|0|0|0|0|0|0|0|0|0|0|0|0|0|0|0|0|0|0|0|0|0|0 0|0|0|0|8|8|8|0|0|0|0|0|0|0|0|0|8|8|8|0|0|0|0|0|0|0|0|0|0|0|0|0|0|0|0|0|0|0|0|0 0|0|0|0|0|0|0|0|0|0|0|0|0|0|0|0|0|0|0|100|0|0|0|0|0|0|0|0|0|0|0|0|0|0|0|0|0|0|0|0|0
87 2 特戒守护 麻痹戒指+21|护身戒指+21|复活戒指+21|魔道麻痹戒指+21  0|0|0|0|0|0|0|0|0|0|0|0|0|0|0|0|0|0|0|0|0|0|0|0|0|0|0|0|0|0|0|0|0|0|0|0|0|0|0|0 0|0|0|0|9|9|9|0|0|0|0|0|0|0|0|0|9|9|9|0|0|0|0|0|0|0|0|0|0|0|0|0|0|0|0|0|0|0|0|0 0|0|0|0|0|0|0|0|0|0|0|0|0|0|0|0|0|0|0|100|0|0|0|0|0|0|0|0|0|0|0|0|0|0|0|0|0|0|0|0|0
88 2 特戒守护 麻痹戒指+22|护身戒指+22|复活戒指+22|魔道麻痹戒指+22  0|0|0|0|0|0|0|0|0|0|0|0|0|0|0|0|0|0|0|0|0|0|0|0|0|0|0|0|0|0|0|0|0|0|0|0|0|0|0|0 0|0|0|0|9|9|9|0|0|0|0|0|0|0|0|0|9|9|9|0|0|0|0|0|0|0|0|0|0|0|0|0|0|0|0|0|0|0|0|0 0|0|0|0|0|0|0|0|0|0|0|0|0|0|0|0|0|0|0|100|0|0|0|0|0|0|0|0|0|0|0|0|0|0|0|0|0|0|0|0|0
89 2 特戒守护 麻痹戒指+23|护身戒指+23|复活戒指+23|魔道麻痹戒指+23  0|0|0|0|0|0|0|0|0|0|0|0|0|0|0|0|0|0|0|0|0|0|0|0|0|0|0|0|0|0|0|0|0|0|0|0|0|0|0|0 0|0|0|0|9|9|9|0|0|0|0|0|0|0|0|0|9|9|9|0|0|0|0|0|0|0|0|0|0|0|0|0|0|0|0|0|0|0|0|0 0|0|0|0|0|0|0|0|0|0|0|0|0|0|0|0|0|0|0|100|0|0|0|0|0|0|0|0|0|0|0|0|0|0|0|0|0|0|0|0|0
90 2 特戒守护 麻痹戒指+24|护身戒指+24|复活戒指+24|魔道麻痹戒指+24  0|0|0|0|0|0|0|0|0|0|0|0|0|0|0|0|0|0|0|0|0|0|0|0|0|0|0|0|0|0|0|0|0|0|0|0|0|0|0|0 0|0|0|0|9|9|9|0|0|0|0|0|0|0|0|0|9|9|9|0|0|0|0|0|0|0|0|0|0|0|0|0|0|0|0|0|0|0|0|0 0|0|0|0|0|0|0|0|0|0|0|0|0|0|0|0|0|0|0|100|0|0|0|0|0|0|0|0|0|0|0|0|0|0|0|0|0|0|0|0|0
91 2 特戒守护 麻痹戒指+25|护身戒指+25|复活戒指+25|魔道麻痹戒指+25  0|0|0|0|0|0|0|0|0|0|0|0|0|0|0|0|0|0|0|0|0|0|0|0|0|0|0|0|0|0|0|0|0|0|0|0|0|0|0|0 0|0|0|0|9|9|9|0|0|0|0|0|0|0|0|0|9|9|9|0|0|0|0|0|0|0|0|0|0|0|0|0|0|0|0|0|0|0|0|0 0|0|0|0|0|0|0|0|0|0|0|0|0|0|0|0|0|0|0|100|0|0|0|0|0|0|0|0|0|0|0|0|0|0|0|0|0|0|0|0|0
92 2 特戒守护 麻痹戒指+26|护身戒指+26|复活戒指+26|魔道麻痹戒指+26  0|0|0|0|0|0|0|0|0|0|0|0|0|0|0|0|0|0|0|0|0|0|0|0|0|0|0|0|0|0|0|0|0|0|0|0|0|0|0|0 0|0|0|0|10|10|10|0|0|0|0|0|0|0|0|0|10|10|10|0|0|0|0|0|0|0|0|0|0|0|0|0|0|0|0|0|0|0|0|0 0|0|0|0|0|0|0|0|0|0|0|0|0|0|0|0|0|0|0|100|0|0|0|0|0|0|0|0|0|0|0|0|0|0|0|0|0|0|0|0|0
93 2 特戒守护 麻痹戒指+27|护身戒指+27|复活戒指+27|魔道麻痹戒指+27  0|0|0|0|0|0|0|0|0|0|0|0|0|0|0|0|0|0|0|0|0|0|0|0|0|0|0|0|0|0|0|0|0|0|0|0|0|0|0|0 0|0|0|0|10|10|10|0|0|0|0|0|0|0|0|0|10|10|10|0|0|0|0|0|0|0|0|0|0|0|0|0|0|0|0|0|0|0|0|0 0|0|0|0|0|0|0|0|0|0|0|0|0|0|0|0|0|0|0|100|0|0|0|0|0|0|0|0|0|0|0|0|0|0|0|0|0|0|0|0|0
94 2 特戒守护 麻痹戒指+28|护身戒指+28|复活戒指+28|魔道麻痹戒指+28  0|0|0|0|0|0|0|0|0|0|0|0|0|0|0|0|0|0|0|0|0|0|0|0|0|0|0|0|0|0|0|0|0|0|0|0|0|0|0|0 0|0|0|0|10|10|10|0|0|0|0|0|0|0|0|0|10|10|10|0|0|0|0|0|0|0|0|0|0|0|0|0|0|0|0|0|0|0|0|0 0|0|0|0|0|0|0|0|0|0|0|0|0|0|0|0|0|0|0|100|0|0|0|0|0|0|0|0|0|0|0|0|0|0|0|0|0|0|0|0|0
95 2 特戒守护 麻痹戒指+29|护身戒指+29|复活戒指+29|魔道麻痹戒指+29  0|0|0|0|0|0|0|0|0|0|0|0|0|0|0|0|0|0|0|0|0|0|0|0|0|0|0|0|0|0|0|0|0|0|0|0|0|0|0|0 0|0|0|0|11|11|11|0|0|0|0|0|0|0|0|0|11|11|11|0|0|0|0|0|0|0|0|0|0|0|0|0|0|0|0|0|0|0|0|0 0|0|0|0|0|0|0|0|0|0|0|0|0|0|0|0|0|0|0|100|0|0|0|0|0|0|0|0|0|0|0|0|0|0|0|0|0|0|0|0|0
96 2 特戒守护 麻痹戒指+30|护身戒指+30|复活戒指+30|魔道麻痹戒指+30  0|0|0|0|0|0|0|0|0|0|0|0|0|0|0|0|0|0|0|0|0|0|0|0|0|0|0|0|0|0|0|0|0|0|0|0|0|0|0|0 0|0|0|0|12|12|12|0|0|0|0|0|0|0|0|0|12|12|12|0|0|0|0|0|0|0|0|0|0|0|0|0|0|0|0|0|0|0|0|0 0|0|0|0|0|0|0|0|0|0|0|0|0|0|0|0|0|0|0|100|0|0|0|0|0|0|0|0|0|0|0|0|0|0|0|0|0|0|0|0|0
97 3 八卦 八卦の乾|八卦の坤|八卦の巽|八卦の震|八卦の坎|八卦の离|八卦の艮|八卦の兑  0|0|0|0|0|0|0|0|0|0|0|0|0|0|0|0|0|0|0|0|0|0|0|0|0|0|0|0|0|0|0|0|0|0|0|0|0|0|0|0 3|3|0|0|0|0|0|0|0|0|0|0|0|0|0|0|0|0|0|0|0|0|0|0|0|0|0|0|0|0|0|0|0|0|0|0|0|0|0|0 0|0|0|0|0|0|0|0|0|0|0|0|0|0|0|0|0|0|0|100|0|0|0|0|0|0|0|0|0|0|0|0|0|0|0|0|0|0|0|0|0
98 4 八卦 八卦の乾|八卦の坤|八卦の巽|八卦の震|八卦の坎|八卦の离|八卦の艮|八卦の兑  0|0|0|0|0|0|0|0|0|0|0|0|0|0|0|0|0|0|0|0|0|0|0|0|0|0|0|0|0|0|0|0|0|0|0|0|0|0|0|0 5|5|0|0|0|0|0|0|0|0|0|0|0|0|0|0|0|0|0|0|0|0|0|0|0|0|0|0|0|0|0|0|0|0|0|0|0|0|0|0 0|0|0|0|0|0|0|0|0|0|0|0|0|0|0|0|0|0|0|100|0|0|0|0|0|0|0|0|0|0|0|0|0|0|0|0|0|0|0|0|0
99 5 八卦 八卦の乾|八卦の坤|八卦の巽|八卦の震|八卦の坎|八卦の离|八卦の艮|八卦の兑  0|0|0|0|0|0|0|0|0|0|0|0|0|0|0|0|0|0|0|0|0|0|0|0|0|0|0|0|0|0|0|0|0|0|0|0|0|0|0|0 0|0|0|0|5|5|5|0|0|0|0|0|0|0|0|0|5|5|5|0|0|0|0|0|0|0|0|0|0|0|0|0|0|0|0|0|0|0|0|0 1000|1000|0|0|0|0|0|0|0|0|0|0|0|0|0|0|0|0|0|100|0|0|0|0|0|0|0|0|0|0|0|0|0|0|0|0|0|0|0|0|0
100 3 五行 五行の土|五行の金|五行の火|五行の水|五行の木  0|0|0|0|0|0|0|0|0|0|0|0|0|0|0|0|0|0|0|0|0|0|0|0|0|0|0|0|0|0|0|0|0|0|0|0|0|0|0|0 5|5|0|0|0|0|0|0|0|0|0|0|0|0|0|0|0|0|0|0|0|0|0|0|0|0|0|0|0|0|0|0|0|0|0|0|0|0|0|0 0|0|0|0|0|0|0|0|0|0|0|0|0|0|0|0|0|0|0|100|0|0|0|0|0|0|0|0|0|0|0|0|0|0|0|0|0|0|0|0|0
101 3 五行 五行の土|五行の金|五行の火|五行の水|五行の木  0|0|0|0|0|0|0|0|0|0|0|0|0|0|0|0|0|0|0|0|0|0|0|0|0|0|0|0|0|0|0|0|0|0|0|0|0|0|0|0 5|5|0|0|0|0|0|0|0|0|0|0|0|0|0|0|0|0|0|0|0|0|0|0|0|0|0|0|0|0|0|0|0|0|0|0|0|0|0|0 0|0|0|0|0|0|0|0|0|0|0|0|0|0|0|0|0|0|0|100|0|0|0|0|0|0|0|0|0|0|0|0|0|0|0|0|0|0|0|0|0
102 4 五行 五行の土|五行の金|五行の火|五行の水|五行の木  0|0|0|0|0|0|0|0|0|0|0|0|0|0|0|0|0|0|0|0|0|0|0|0|0|0|0|0|0|0|0|0|0|0|0|0|0|0|0|0 0|0|0|0|6|6|6|0|0|0|0|0|0|0|0|0|6|6|6|0|0|0|0|0|0|0|0|0|0|0|0|0|0|0|0|0|0|0|0|0 500|500|0|0|0|0|0|0|0|0|0|0|0|0|0|0|0|0|0|100|0|0|0|0|0|0|0|0|0|0|0|0|0|0|0|0|0|0|0|0|0
103 2 两仪 两仪の阴|两仪の阳  0|0|0|0|0|0|0|0|0|0|0|0|0|0|0|0|0|0|0|0|0|0|0|0|0|0|0|0|0|0|0|0|0|0|0|0|0|0|0|0 10|10|0|0|5|5|5|0|0|0|0|0|0|0|0|0|5|5|5|0|0|0|0|0|0|0|0|0|0|0|0|0|0|0|0|0|0|0|0|0 1000|1000|0|0|0|0|0|0|0|0|0|0|0|0|0|0|0|0|0|100|0|0|0|0|0|0|0|0|0|0|0|0|0|0|0|0|0|0|0|0|0
104 3 三才 三才の天|三才の地|三才の人  0|0|0|0|0|0|0|0|0|0|0|0|0|0|0|0|0|0|0|0|0|0|0|0|0|0|0|0|0|0|0|0|0|0|0|0|0|0|0|0 10|10|0|0|5|5|5|0|0|0|0|0|0|0|0|0|5|5|5|0|0|0|0|0|0|0|0|0|0|0|0|0|0|0|0|0|0|0|0|0 1000|1000|0|0|0|0|0|0|0|0|0|0|0|0|0|0|0|0|0|100|0|0|0|0|0|0|0|0|0|0|0|0|0|0|0|0|0|0|0|0|0
105 3 四象 四象の青龙|四象の白虎|四象の朱雀|四象の玄武  0|0|0|0|0|0|0|0|0|0|0|0|0|0|0|0|0|0|0|0|0|0|0|0|0|0|0|0|0|0|0|0|0|0|0|0|0|0|0|0 0|0|0|0|5|5|5|0|0|0|0|0|0|0|0|0|5|5|5|0|0|0|0|0|0|0|0|0|0|0|0|0|0|0|0|0|0|0|0|0 1000|1000|0|0|0|0|0|0|0|0|0|0|0|0|0|0|0|0|0|100|0|0|0|0|0|0|0|0|0|0|0|0|0|0|0|0|0|0|0|0|0
106 4 四象 四象の青龙|四象の白虎|四象の朱雀|四象の玄武  0|0|0|0|0|0|0|0|0|0|0|0|0|0|0|0|0|0|0|0|0|0|0|0|0|0|0|0|0|0|0|0|0|0|0|0|0|0|0|0 10|10|0|0|0|0|0|0|0|0|0|0|0|0|0|0|0|0|0|0|0|0|0|0|0|0|0|0|0|0|0|0|0|0|0|0|0|0|0|0 0|0|0|0|60|60|60|0|0|0|0|0|0|0|0|0|60|60|60|100|0|0|0|0|0|0|0|0|0|0|0|0|0|0|0|0|0|0|0|0|0
107 1 太初 太初  0|0|0|0|0|0|0|0|0|0|0|0|0|0|0|0|0|0|0|0|0|0|0|0|0|0|0|0|0|0|0|0|0|0|0|0|0|0|0|0 5|5|0|0|5|5|5|0|0|0|0|0|0|0|0|0|5|5|5|0|0|0|0|0|0|0|0|0|0|0|0|0|0|0|0|0|0|0|0|0 0|0|0|0|0|0|0|0|0|0|0|0|0|0|0|0|0|0|0|100|0|0|0|0|0|0|0|0|0|0|0|0|0|0|0|0|0|0|0|0|0
108 4 神佑 子鼠神佑|丑牛神佑|寅虎神佑|卯兔神佑|辰龙神佑|巳蛇神佑|午马神佑|未羊神佑|申猴神佑|酉鸡神佑|戌狗神佑|亥猪神佑  0|0|0|0|0|0|0|0|0|0|0|0|0|0|0|0|0|0|0|0|0|0|0|0|0|0|0|0|0|0|0|0|0|0|0|0|0|0|0|0 5|5|0|0|0|0|0|0|0|0|0|0|0|0|0|0|0|0|0|0|0|0|0|0|0|0|0|0|0|0|0|0|0|0|0|0|0|0|0|0 0|0|0|0|0|0|0|0|0|0|0|0|0|0|0|0|0|0|0|100|0|0|0|0|0|0|0|0|0|0|0|0|0|0|0|0|0|0|0|0|0
109 9 神佑 子鼠神佑|丑牛神佑|寅虎神佑|卯兔神佑|辰龙神佑|巳蛇神佑|午马神佑|未羊神佑|申猴神佑|酉鸡神佑|戌狗神佑|亥猪神佑  0|0|0|0|0|0|0|0|0|0|0|0|0|0|0|0|0|0|0|0|0|0|0|0|0|0|0|0|0|0|0|0|0|0|0|0|0|0|0|0 0|0|0|0|3|3|3|0|0|0|0|0|0|0|0|0|3|3|3|0|0|0|0|0|0|0|0|0|0|0|0|0|0|0|0|0|0|0|0|0 0|0|0|0|0|0|0|0|0|0|0|0|0|0|0|0|0|0|0|100|0|0|0|0|0|0|0|0|0|0|0|0|0|0|0|0|0|0|0|0|0
110 12 神佑 子鼠神佑|丑牛神佑|寅虎神佑|卯兔神佑|辰龙神佑|巳蛇神佑|午马神佑|未羊神佑|申猴神佑|酉鸡神佑|戌狗神佑|亥猪神佑  0|0|0|0|0|0|0|0|0|0|0|0|0|0|0|0|0|0|0|0|0|0|0|0|0|0|0|0|0|0|0|0|0|0|0|0|0|0|0|0 0|0|0|0|5|5|5|0|0|0|0|0|0|0|0|0|5|5|5|0|0|0|0|0|0|0|0|0|0|0|0|0|0|0|0|0|0|0|0|0 0|0|0|0|0|0|0|0|0|2|3|3|0|0|0|0|0|0|0|100|0|0|0|0|0|0|0|0|0|0|0|0|0|0|0|0|0|0|0|0|0
111 4 神佑 子鼠神佑+1|丑牛神佑+1|寅虎神佑+1|卯兔神佑+1|辰龙神佑+1|巳蛇神佑+1|午马神佑+1|未羊神佑+1|申猴神佑+1|酉鸡神佑+1|戌狗神佑+1|亥猪神佑+1  0|0|0|0|0|0|0|0|0|0|0|0|0|0|0|0|0|0|0|0|0|0|0|0|0|0|0|0|0|0|0|0|0|0|0|0|0|0|0|0 0|0|0|0|0|0|0|0|0|0|0|0|0|0|0|0|0|0|0|0|0|0|0|0|0|0|0|0|0|0|0|0|0|0|0|0|0|0|0|0 0|0|0|0|50|50|50|0|0|0|0|0|0|0|0|0|50|50|50|100|0|0|0|0|0|0|0|0|0|0|0|0|0|0|0|0|0|0|0|0|0
112 9 神佑 子鼠神佑+1|丑牛神佑+1|寅虎神佑+1|卯兔神佑+1|辰龙神佑+1|巳蛇神佑+1|午马神佑+1|未羊神佑+1|申猴神佑+1|酉鸡神佑+1|戌狗神佑+1|亥猪神佑+1  0|0|0|0|0|0|0|0|0|0|0|0|0|0|0|0|0|0|0|0|0|0|0|0|0|0|0|0|0|0|0|0|0|0|0|0|0|0|0|0 5|5|0|0|0|0|0|0|0|0|0|0|0|0|0|0|0|0|0|0|0|0|0|0|0|0|0|0|0|0|0|0|0|0|0|0|0|0|0|0 0|0|0|0|0|0|0|0|25|0|0|0|0|0|0|0|0|0|0|100|0|0|0|0|0|0|0|0|0|0|0|0|0|0|0|0|0|0|0|0|0
113 12 神佑 子鼠神佑+1|丑牛神佑+1|寅虎神佑+1|卯兔神佑+1|辰龙神佑+1|巳蛇神佑+1|午马神佑+1|未羊神佑+1|申猴神佑+1|酉鸡神佑+1|戌狗神佑+1|亥猪神佑+1  0|0|0|0|0|0|0|0|0|0|0|0|0|0|0|0|0|0|0|0|0|0|0|0|0|0|0|0|0|0|0|0|0|0|0|0|0|0|0|0 0|0|0|0|7|7|7|0|0|0|0|0|0|0|0|0|7|7|7|0|0|0|0|0|0|0|0|0|0|0|0|0|0|0|0|0|0|0|0|0 0|0|0|0|0|0|0|0|0|0|0|0|0|0|0|0|0|0|0|100|0|0|0|0|0|0|0|0|0|0|0|0|0|0|0|0|0|0|0|0|0
114 4 神佑 子鼠神佑+2|丑牛神佑+2|寅虎神佑+2|卯兔神佑+2|辰龙神佑+2|巳蛇神佑+2|午马神佑+2|未羊神佑+2|申猴神佑+2|酉鸡神佑+2|戌狗神佑+2|亥猪神佑+2  0|0|0|0|0|0|0|0|0|0|0|0|0|0|0|0|0|0|0|0|0|0|0|0|0|0|0|0|0|0|0|0|0|0|0|0|0|0|0|0 8|8|0|0|0|0|0|0|0|0|0|0|0|0|0|0|0|0|0|0|0|0|0|0|0|0|0|0|0|0|0|0|0|0|0|0|0|0|0|0 0|0|0|0|0|0|0|0|0|0|0|0|0|0|0|0|0|0|0|100|0|0|0|0|0|0|0|0|0|0|0|0|0|0|0|0|0|0|0|0|0
115 9 神佑 子鼠神佑+2|丑牛神佑+2|寅虎神佑+2|卯兔神佑+2|辰龙神佑+2|巳蛇神佑+2|午马神佑+2|未羊神佑+2|申猴神佑+2|酉鸡神佑+2|戌狗神佑+2|亥猪神佑+2  0|0|0|0|0|0|0|0|0|0|0|0|0|0|0|0|0|0|0|0|0|0|0|0|0|0|0|0|0|0|0|0|0|0|0|0|0|0|0|0 0|0|8|8|0|0|0|0|0|0|0|0|0|0|8|8|0|0|0|0|0|0|0|0|0|0|0|0|0|0|0|0|0|0|0|0|0|0|0|0 800|800|0|0|0|0|0|0|0|0|0|0|0|0|0|0|0|0|0|100|0|0|0|0|0|0|0|0|0|0|0|0|0|0|0|0|0|0|0|0|0
116 12 神佑 子鼠神佑+2|丑牛神佑+2|寅虎神佑+2|卯兔神佑+2|辰龙神佑+2|巳蛇神佑+2|午马神佑+2|未羊神佑+2|申猴神佑+2|酉鸡神佑+2|戌狗神佑+2|亥猪神佑+2  0|0|0|0|0|0|0|0|0|0|0|0|0|0|0|0|0|0|0|0|0|0|0|0|0|0|0|0|0|0|0|0|0|0|0|0|0|0|0|0 0|0|0|0|8|8|8|0|0|0|0|0|0|0|0|0|8|8|8|0|0|0|0|0|0|0|0|0|0|0|0|0|0|0|0|0|0|0|0|0 0|0|0|0|35|35|35|0|0|0|0|0|0|0|0|0|35|35|35|100|0|0|0|0|0|0|0|0|0|0|0|0|0|0|0|0|0|0|0|0|0
117 4 神佑 子鼠神佑+3|丑牛神佑+3|寅虎神佑+3|卯兔神佑+3|辰龙神佑+3|巳蛇神佑+3|午马神佑+3|未羊神佑+3|申猴神佑+3|酉鸡神佑+3|戌狗神佑+3|亥猪神佑+3  0|0|0|0|0|0|0|0|0|0|0|0|0|0|0|0|0|0|0|0|0|0|0|0|0|0|0|0|0|0|0|0|0|0|0|0|0|0|0|0 0|0|0|0|0|0|0|0|0|0|0|0|0|0|0|0|0|0|0|0|0|0|0|0|0|0|0|0|0|0|0|0|0|0|0|0|0|0|0|0 600|600|0|0|0|0|0|0|0|0|0|0|0|0|0|0|0|0|0|100|0|0|0|0|0|0|0|0|0|0|0|0|0|0|0|0|0|0|0|0|0
118 9 神佑 子鼠神佑+3|丑牛神佑+3|寅虎神佑+3|卯兔神佑+3|辰龙神佑+3|巳蛇神佑+3|午马神佑+3|未羊神佑+3|申猴神佑+3|酉鸡神佑+3|戌狗神佑+3|亥猪神佑+3  0|0|0|0|0|0|0|0|0|0|0|0|0|0|0|0|0|0|0|0|0|0|0|0|0|0|0|0|0|0|0|0|0|0|0|0|0|0|0|0 0|0|0|0|5|5|5|0|0|0|0|0|0|0|0|0|5|5|5|0|0|0|0|0|0|0|0|0|0|0|0|0|0|0|0|0|0|0|0|0 0|0|0|0|25|25|25|0|0|0|0|0|0|0|0|0|25|25|25|100|0|0|0|0|0|0|0|0|0|0|0|0|0|0|0|0|0|0|0|0|0
119 12 神佑 子鼠神佑+3|丑牛神佑+3|寅虎神佑+3|卯兔神佑+3|辰龙神佑+3|巳蛇神佑+3|午马神佑+3|未羊神佑+3|申猴神佑+3|酉鸡神佑+3|戌狗神佑+3|亥猪神佑+3  0|0|0|0|0|0|0|0|0|0|0|0|0|0|0|0|0|0|0|0|0|0|0|0|0|0|0|0|0|0|0|0|0|0|0|0|0|0|0|0 15|15|0|0|0|0|0|0|0|0|0|0|0|0|0|0|0|0|0|0|0|0|0|0|0|0|0|0|0|0|0|0|0|0|0|0|0|0|0|0 0|0|0|0|55|55|55|0|0|0|0|0|0|0|0|0|55|55|55|100|0|0|0|0|0|0|0|0|0|0|0|0|0|0|0|0|0|0|0|0|0
120 4 神佑 子鼠神佑+4|丑牛神佑+4|寅虎神佑+4|卯兔神佑+4|辰龙神佑+4|巳蛇神佑+4|午马神佑+4|未羊神佑+4|申猴神佑+4|酉鸡神佑+4|戌狗神佑+4|亥猪神佑+4  0|0|0|0|0|0|0|0|0|0|0|0|0|0|0|0|0|0|0|0|0|0|0|0|0|0|0|0|0|0|0|0|0|0|0|0|0|0|0|0 0|0|0|0|0|0|0|0|0|0|0|0|0|0|0|0|0|0|0|0|0|0|0|0|0|0|0|0|0|0|0|0|0|0|0|0|0|0|0|0 0|0|50|50|0|0|0|15|5|0|0|0|0|0|50|50|0|0|0|100|0|0|0|0|0|0|0|0|0|0|0|0|0|0|0|0|0|0|0|0|0
121 9 神佑 子鼠神佑+4|丑牛神佑+4|寅虎神佑+4|卯兔神佑+4|辰龙神佑+4|巳蛇神佑+4|午马神佑+4|未羊神佑+4|申猴神佑+4|酉鸡神佑+4|戌狗神佑+4|亥猪神佑+4  0|0|0|0|0|0|0|0|0|0|0|0|0|0|0|0|0|0|0|0|0|0|0|0|0|0|0|0|0|0|0|0|0|0|0|0|0|0|0|0 0|0|0|0|0|0|0|0|0|0|0|0|0|0|0|0|0|0|0|0|0|0|0|0|0|0|0|0|0|0|0|0|0|0|0|0|0|0|0|0 0|0|0|0|30|30|30|0|0|0|0|0|0|0|0|0|30|30|30|100|0|0|0|0|0|0|0|0|0|0|0|0|0|0|0|0|0|0|0|0|0
122 12 神佑 子鼠神佑+4|丑牛神佑+4|寅虎神佑+4|卯兔神佑+4|辰龙神佑+4|巳蛇神佑+4|午马神佑+4|未羊神佑+4|申猴神佑+4|酉鸡神佑+4|戌狗神佑+4|亥猪神佑+4  0|0|0|0|0|0|0|0|0|0|0|0|0|0|0|0|0|0|0|0|0|0|0|0|0|0|0|0|0|0|0|0|0|0|0|0|0|0|0|0 0|0|0|0|12|12|12|0|0|0|0|0|0|0|0|0|12|12|12|0|0|0|0|0|0|0|0|0|0|0|0|0|0|0|0|0|0|0|0|0 0|0|0|0|0|0|0|0|0|0|0|0|0|0|0|0|0|0|0|100|0|0|0|0|0|0|0|0|0|0|0|0|0|0|0|0|0|0|0|0|0
123 4 神佑 子鼠神佑+5|丑牛神佑+5|寅虎神佑+5|卯兔神佑+5|辰龙神佑+5|巳蛇神佑+5|午马神佑+5|未羊神佑+5|申猴神佑+5|酉鸡神佑+5|戌狗神佑+5|亥猪神佑+5  0|0|0|0|0|0|0|0|0|0|0|0|0|0|0|0|0|0|0|0|0|0|0|0|0|0|0|0|0|0|0|0|0|0|0|0|0|0|0|0 0|0|0|0|6|6|6|0|0|0|0|0|0|0|0|0|6|6|6|0|0|0|0|0|0|0|0|0|0|0|0|0|0|0|0|0|0|0|0|0 0|0|0|0|0|0|0|0|0|0|0|0|0|0|0|0|0|0|0|100|0|0|0|0|0|0|0|0|0|0|0|0|0|0|0|0|0|0|0|0|0
124 9 神佑 子鼠神佑+5|丑牛神佑+5|寅虎神佑+5|卯兔神佑+5|辰龙神佑+5|巳蛇神佑+5|午马神佑+5|未羊神佑+5|申猴神佑+5|酉鸡神佑+5|戌狗神佑+5|亥猪神佑+5  0|0|0|0|0|0|0|0|0|0|0|0|0|0|0|0|0|0|0|0|0|0|0|0|0|0|0|0|0|0|0|0|0|0|0|0|0|0|0|0 9|9|5|5|0|0|0|0|0|0|0|0|0|0|5|5|0|0|0|0|0|0|0|0|0|0|0|0|0|0|0|0|0|0|0|0|0|0|0|0 0|0|0|0|0|0|0|0|0|0|0|0|0|0|0|0|0|0|0|100|0|0|0|0|0|0|0|0|0|0|0|0|0|0|0|0|0|0|0|0|0
125 12 神佑 子鼠神佑+5|丑牛神佑+5|寅虎神佑+5|卯兔神佑+5|辰龙神佑+5|巳蛇神佑+5|午马神佑+5|未羊神佑+5|申猴神佑+5|酉鸡神佑+5|戌狗神佑+5|亥猪神佑+5  0|0|0|0|0|0|0|0|0|0|0|0|0|0|0|0|0|0|0|0|0|0|0|0|0|0|0|0|0|0|0|0|0|0|0|0|0|0|0|0 3|3|0|0|4|4|4|0|0|0|0|0|0|0|0|0|4|4|4|0|0|0|0|0|0|0|0|0|0|0|0|0|0|0|0|0|0|0|0|0 0|0|0|0|50|50|50|0|0|0|0|0|0|0|0|0|50|50|50|100|0|0|0|0|0|0|0|0|0|0|0|0|0|0|0|0|0|0|0|0|0
126 1 神兵铸魂 仫L月≮铸魂≯  0|0|0|0|0|0|0|0|0|0|0|0|0|0|0|0|0|0|0|0|0|0|0|0|0|0|0|0|0|0|0|0|0|0|0|0|0|0|0|0 0|0|0|0|10|10|10|0|0|0|0|0|0|0|0|0|10|10|10|0|0|0|0|0|0|0|0|0|0|0|0|0|0|0|0|0|0|0|0|0 0|0|0|0|0|0|0|0|0|0|0|0|0|0|0|0|0|0|0|100|0|0|0|0|0|0|0|0|0|0|0|0|0|0|0|0|0|0|0|0|0
127 1 神兵铸魂 春秋I≮铸魂≯  0|0|0|0|0|0|0|0|0|0|0|0|0|0|0|0|0|0|0|0|0|0|0|0|0|0|0|0|0|0|0|0|0|0|0|0|0|0|0|0 0|0|0|0|10|10|10|0|0|0|0|0|0|0|0|0|10|10|10|0|0|0|0|0|0|0|0|0|0|0|0|0|0|0|0|0|0|0|0|0 0|0|0|0|0|0|0|0|0|0|0|0|0|0|0|0|0|0|0|100|0|0|0|0|0|0|0|0|0|0|0|0|0|0|0|0|0|0|0|0|0
128 1 神兵铸魂 苍暮≮铸魂≯  0|0|0|0|0|0|0|0|0|0|0|0|0|0|0|0|0|0|0|0|0|0|0|0|0|0|0|0|0|0|0|0|0|0|0|0|0|0|0|0 0|0|0|0|10|10|10|0|0|0|0|0|0|0|0|0|10|10|10|0|0|0|0|0|0|0|0|0|0|0|0|0|0|0|0|0|0|0|0|0 0|0|0|0|0|0|0|0|0|0|0|0|0|0|0|0|0|0|0|100|0|0|0|0|0|0|0|0|0|0|0|0|0|0|0|0|0|0|0|0|0
129 1 神兵铸魂 情殇≮铸魂≯  0|0|0|0|0|0|0|0|0|0|0|0|0|0|0|0|0|0|0|0|0|0|0|0|0|0|0|0|0|0|0|0|0|0|0|0|0|0|0|0 0|0|0|0|10|10|10|0|0|0|0|0|0|0|0|0|10|10|10|0|0|0|0|0|0|0|0|0|0|0|0|0|0|0|0|0|0|0|0|0 0|0|0|0|0|0|0|0|0|0|0|0|0|0|0|0|0|0|0|100|0|0|0|0|0|0|0|0|0|0|0|0|0|0|0|0|0|0|0|0|0
130 1 神兵铸魂 轩辕≮铸魂≯  0|0|0|0|0|0|0|0|0|0|0|0|0|0|0|0|0|0|0|0|0|0|0|0|0|0|0|0|0|0|0|0|0|0|0|0|0|0|0|0 0|0|0|0|10|10|10|0|0|0|0|0|0|0|0|0|10|10|10|0|0|0|0|0|0|0|0|0|0|0|0|0|0|0|0|0|0|0|0|0 0|0|0|0|0|0|0|0|0|0|0|0|0|0|0|0|0|0|0|100|0|0|0|0|0|0|0|0|0|0|0|0|0|0|0|0|0|0|0|0|0
131 1 神兵铸魂 夔殇≮铸魂≯  0|0|0|0|0|0|0|0|0|0|0|0|0|0|0|0|0|0|0|0|0|0|0|0|0|0|0|0|0|0|0|0|0|0|0|0|0|0|0|0 0|0|0|0|10|10|10|0|0|0|0|0|0|0|0|0|10|10|10|0|0|0|0|0|0|0|0|0|0|0|0|0|0|0|0|0|0|0|0|0 0|0|0|0|0|0|0|0|0|0|0|0|0|0|0|0|0|0|0|100|0|0|0|0|0|0|0|0|0|0|0|0|0|0|0|0|0|0|0|0|0
132 1 神兵铸魂 古尘≮铸魂≯  0|0|0|0|0|0|0|0|0|0|0|0|0|0|0|0|0|0|0|0|0|0|0|0|0|0|0|0|0|0|0|0|0|0|0|0|0|0|0|0 0|0|0|0|10|10|10|0|0|0|0|0|0|0|0|0|10|10|10|0|0|0|0|0|0|0|0|0|0|0|0|0|0|0|0|0|0|0|0|0 0|0|0|0|0|0|0|0|0|0|0|0|0|0|0|0|0|0|0|100|0|0|0|0|0|0|0|0|0|0|0|0|0|0|0|0|0|0|0|0|0
133 1 神兵铸魂 幽泉≮铸魂≯  0|0|0|0|0|0|0|0|0|0|0|0|0|0|0|0|0|0|0|0|0|0|0|0|0|0|0|0|0|0|0|0|0|0|0|0|0|0|0|0 0|0|0|0|10|10|10|0|0|0|0|0|0|0|0|0|10|10|10|0|0|0|0|0|0|0|0|0|0|0|0|0|0|0|0|0|0|0|0|0 0|0|0|0|0|0|0|0|0|0|0|0|0|0|0|0|0|0|0|100|0|0|0|0|0|0|0|0|0|0|0|0|0|0|0|0|0|0|0|0|0
134 1 神兵铸魂 破晓≮铸魂≯  0|0|0|0|0|0|0|0|0|0|0|0|0|0|0|0|0|0|0|0|0|0|0|0|0|0|0|0|0|0|0|0|0|0|0|0|0|0|0|0 0|0|0|0|10|10|10|0|0|0|0|0|0|0|0|0|10|10|10|0|0|0|0|0|0|0|0|0|0|0|0|0|0|0|0|0|0|0|0|0 0|0|0|0|0|0|0|0|0|0|0|0|0|0|0|0|0|0|0|100|0|0|0|0|0|0|0|0|0|0|0|0|0|0|0|0|0|0|0|0|0
135 1 神兵铸魂 寒裂≮铸魂≯  0|0|0|0|0|0|0|0|0|0|0|0|0|0|0|0|0|0|0|0|0|0|0|0|0|0|0|0|0|0|0|0|0|0|0|0|0|0|0|0 0|0|0|0|10|10|10|0|0|0|0|0|0|0|0|0|10|10|10|0|0|0|0|0|0|0|0|0|0|0|0|0|0|0|0|0|0|0|0|0 0|0|0|0|0|0|0|0|0|0|0|0|0|0|0|0|0|0|0|100|0|0|0|0|0|0|0|0|0|0|0|0|0|0|0|0|0|0|0|0|0
136 1 神兵铸魂 碎魂≮铸魂≯  0|0|0|0|0|0|0|0|0|0|0|0|0|0|0|0|0|0|0|0|0|0|0|0|0|0|0|0|0|0|0|0|0|0|0|0|0|0|0|0 0|0|0|0|10|10|10|0|0|0|0|0|0|0|0|0|10|10|10|0|0|0|0|0|0|0|0|0|0|0|0|0|0|0|0|0|0|0|0|0 0|0|0|0|0|0|0|0|0|0|0|0|0|0|0|0|0|0|0|100|0|0|0|0|0|0|0|0|0|0|0|0|0|0|0|0|0|0|0|0|0
137 1 神兵铸魂 焚海≮铸魂≯  0|0|0|0|0|0|0|0|0|0|0|0|0|0|0|0|0|0|0|0|0|0|0|0|0|0|0|0|0|0|0|0|0|0|0|0|0|0|0|0 0|0|0|0|10|10|10|0|0|0|0|0|0|0|0|0|10|10|10|0|0|0|0|0|0|0|0|0|0|0|0|0|0|0|0|0|0|0|0|0 0|0|0|0|0|0|0|0|0|0|0|0|0|0|0|0|0|0|0|100|0|0|0|0|0|0|0|0|0|0|0|0|0|0|0|0|0|0|0|0|0
138 1 神兵铸魂 初尘≮铸魂≯  0|0|0|0|0|0|0|0|0|0|0|0|0|0|0|0|0|0|0|0|0|0|0|0|0|0|0|0|0|0|0|0|0|0|0|0|0|0|0|0 0|0|0|0|10|10|10|0|0|0|0|0|0|0|0|0|10|10|10|0|0|0|0|0|0|0|0|0|0|0|0|0|0|0|0|0|0|0|0|0 0|0|0|0|0|0|0|0|0|0|0|0|0|0|0|0|0|0|0|100|0|0|0|0|0|0|0|0|0|0|0|0|0|0|0|0|0|0|0|0|0
139 1 神兵铸魂 苍龙≮铸魂≯  0|0|0|0|0|0|0|0|0|0|0|0|0|0|0|0|0|0|0|0|0|0|0|0|0|0|0|0|0|0|0|0|0|0|0|0|0|0|0|0 0|0|0|0|10|10|10|0|0|0|0|0|0|0|0|0|10|10|10|0|0|0|0|0|0|0|0|0|0|0|0|0|0|0|0|0|0|0|0|0 0|0|0|0|0|0|0|0|0|0|0|0|0|0|0|0|0|0|0|100|0|0|0|0|0|0|0|0|0|0|0|0|0|0|0|0|0|0|0|0|0
140 1 神兵铸魂 鸿雁≮铸魂≯  0|0|0|0|0|0|0|0|0|0|0|0|0|0|0|0|0|0|0|0|0|0|0|0|0|0|0|0|0|0|0|0|0|0|0|0|0|0|0|0 0|0|0|0|10|10|10|0|0|0|0|0|0|0|0|0|10|10|10|0|0|0|0|0|0|0|0|0|0|0|0|0|0|0|0|0|0|0|0|0 0|0|0|0|0|0|0|0|0|0|0|0|0|0|0|0|0|0|0|100|0|0|0|0|0|0|0|0|0|0|0|0|0|0|0|0|0|0|0|0|0
141 1 神兵铸魂 轻离≮铸魂≯  0|0|0|0|0|0|0|0|0|0|0|0|0|0|0|0|0|0|0|0|0|0|0|0|0|0|0|0|0|0|0|0|0|0|0|0|0|0|0|0 0|0|0|0|10|10|10|0|0|0|0|0|0|0|0|0|10|10|10|0|0|0|0|0|0|0|0|0|0|0|0|0|0|0|0|0|0|0|0|0 0|0|0|0|0|0|0|0|0|0|0|0|0|0|0|0|0|0|0|100|0|0|0|0|0|0|0|0|0|0|0|0|0|0|0|0|0|0|0|0|0
142 1 神兵铸魂 谛尊≮铸魂≯  0|0|0|0|0|0|0|0|0|0|0|0|0|0|0|0|0|0|0|0|0|0|0|0|0|0|0|0|0|0|0|0|0|0|0|0|0|0|0|0 0|0|0|0|10|10|10|0|0|0|0|0|0|0|0|0|10|10|10|0|0|0|0|0|0|0|0|0|0|0|0|0|0|0|0|0|0|0|0|0 0|0|0|0|0|0|0|0|0|0|0|0|0|0|0|0|0|0|0|100|0|0|0|0|0|0|0|0|0|0|0|0|0|0|0|0|0|0|0|0|0
143 1 神甲铸魂 虎痴血甲≮铸魂≯|宵烛霓衣≮铸魂≯  0|0|0|0|0|0|0|0|0|0|0|0|0|0|0|0|0|0|0|0|0|0|0|0|0|0|0|0|0|0|0|0|0|0|0|0|0|0|0|0 20|20|8|5|0|0|0|0|0|0|0|0|0|0|8|5|0|0|0|0|0|0|0|0|0|0|0|0|0|0|0|0|0|0|0|0|0|0|0|0 0|0|0|0|0|0|0|0|0|0|0|0|0|0|0|0|0|0|0|100|0|0|0|0|0|0|0|0|0|0|0|0|0|0|0|0|0|0|0|0|0
144 1 神甲铸魂 蚩尤战甲≮铸魂≯|灵夔墨衣≮铸魂≯  0|0|0|0|0|0|0|0|0|0|0|0|0|0|0|0|0|0|0|0|0|0|0|0|0|0|0|0|0|0|0|0|0|0|0|0|0|0|0|0 20|20|8|5|0|0|0|0|0|0|0|0|0|0|8|5|0|0|0|0|0|0|0|0|0|0|0|0|0|0|0|0|0|0|0|0|0|0|0|0 0|0|0|0|0|0|0|0|0|0|0|0|0|0|0|0|0|0|0|100|0|0|0|0|0|0|0|0|0|0|0|0|0|0|0|0|0|0|0|0|0
145 1 神甲铸魂 龙骧帝子甲≮铸魂≯|帝恨战衣≮铸魂≯  0|0|0|0|0|0|0|0|0|0|0|0|0|0|0|0|0|0|0|0|0|0|0|0|0|0|0|0|0|0|0|0|0|0|0|0|0|0|0|0 20|20|8|5|0|0|0|0|0|0|0|0|0|0|8|5|0|0|0|0|0|0|0|0|0|0|0|0|0|0|0|0|0|0|0|0|0|0|0|0 0|0|0|0|0|0|0|0|0|0|0|0|0|0|0|0|0|0|0|100|0|0|0|0|0|0|0|0|0|0|0|0|0|0|0|0|0|0|0|0|0
146 1 神甲铸魂 开天紫微袍≮铸魂≯|普化天尊衣≮铸魂≯  0|0|0|0|0|0|0|0|0|0|0|0|0|0|0|0|0|0|0|0|0|0|0|0|0|0|0|0|0|0|0|0|0|0|0|0|0|0|0|0 20|20|8|5|0|0|0|0|0|0|0|0|0|0|8|5|0|0|0|0|0|0|0|0|0|0|0|0|0|0|0|0|0|0|0|0|0|0|0|0 0|0|0|0|0|0|0|0|0|0|0|0|0|0|0|0|0|0|0|100|0|0|0|0|0|0|0|0|0|0|0|0|0|0|0|0|0|0|0|0|0
147 1 神甲铸魂 摩诃萨陀袍≮铸魂≯|霸王乌金衣≮铸魂≯  0|0|0|0|0|0|0|0|0|0|0|0|0|0|0|0|0|0|0|0|0|0|0|0|0|0|0|0|0|0|0|0|0|0|0|0|0|0|0|0 20|20|8|5|0|0|0|0|0|0|0|0|0|0|8|5|0|0|0|0|0|0|0|0|0|0|0|0|0|0|0|0|0|0|0|0|0|0|0|0 0|0|0|0|0|0|0|0|0|0|0|0|0|0|0|0|0|0|0|100|0|0|0|0|0|0|0|0|0|0|0|0|0|0|0|0|0|0|0|0|0
148 1 神甲铸魂 忠义武圣甲≮铸魂≯|鹤羽宝衣≮铸魂≯  0|0|0|0|0|0|0|0|0|0|0|0|0|0|0|0|0|0|0|0|0|0|0|0|0|0|0|0|0|0|0|0|0|0|0|0|0|0|0|0 20|20|8|5|0|0|0|0|0|0|0|0|0|0|8|5|0|0|0|0|0|0|0|0|0|0|0|0|0|0|0|0|0|0|0|0|0|0|0|0 0|0|0|0|0|0|0|0|0|0|0|0|0|0|0|0|0|0|0|100|0|0|0|0|0|0|0|0|0|0|0|0|0|0|0|0|0|0|0|0|0
149 1 神甲铸魂 元常妙迹袍≮铸魂≯|菱歌羽衣≮铸魂≯  0|0|0|0|0|0|0|0|0|0|0|0|0|0|0|0|0|0|0|0|0|0|0|0|0|0|0|0|0|0|0|0|0|0|0|0|0|0|0|0 20|20|8|5|0|0|0|0|0|0|0|0|0|0|8|5|0|0|0|0|0|0|0|0|0|0|0|0|0|0|0|0|0|0|0|0|0|0|0|0 0|0|0|0|0|0|0|0|0|0|0|0|0|0|0|0|0|0|0|100|0|0|0|0|0|0|0|0|0|0|0|0|0|0|0|0|0|0|0|0|0
150 1 神甲铸魂 耀夜袍≮铸魂≯|雀殒云衣≮铸魂≯  0|0|0|0|0|0|0|0|0|0|0|0|0|0|0|0|0|0|0|0|0|0|0|0|0|0|0|0|0|0|0|0|0|0|0|0|0|0|0|0 20|20|8|5|0|0|0|0|0|0|0|0|0|0|8|5|0|0|0|0|0|0|0|0|0|0|0|0|0|0|0|0|0|0|0|0|0|0|0|0 0|0|0|0|0|0|0|0|0|0|0|0|0|0|0|0|0|0|0|100|0|0|0|0|0|0|0|0|0|0|0|0|0|0|0|0|0|0|0|0|0
151 1 神甲铸魂 霸王战甲≮铸魂≯|云窗雾阁衣≮铸魂≯  0|0|0|0|0|0|0|0|0|0|0|0|0|0|0|0|0|0|0|0|0|0|0|0|0|0|0|0|0|0|0|0|0|0|0|0|0|0|0|0 20|20|8|5|0|0|0|0|0|0|0|0|0|0|8|5|0|0|0|0|0|0|0|0|0|0|0|0|0|0|0|0|0|0|0|0|0|0|0|0 0|0|0|0|0|0|0|0|0|0|0|0|0|0|0|0|0|0|0|100|0|0|0|0|0|0|0|0|0|0|0|0|0|0|0|0|0|0|0|0|0
152 1 神甲铸魂 金丝战袍≮铸魂≯|灯院霜衣≮铸魂≯  0|0|0|0|0|0|0|0|0|0|0|0|0|0|0|0|0|0|0|0|0|0|0|0|0|0|0|0|0|0|0|0|0|0|0|0|0|0|0|0 20|20|8|5|0|0|0|0|0|0|0|0|0|0|8|5|0|0|0|0|0|0|0|0|0|0|0|0|0|0|0|0|0|0|0|0|0|0|0|0 0|0|0|0|0|0|0|0|0|0|0|0|0|0|0|0|0|0|0|100|0|0|0|0|0|0|0|0|0|0|0|0|0|0|0|0|0|0|0|0|0
153 1 神甲铸魂 醉吟葬龙袍≮铸魂≯|月浦蟒衣≮铸魂≯  0|0|0|0|0|0|0|0|0|0|0|0|0|0|0|0|0|0|0|0|0|0|0|0|0|0|0|0|0|0|0|0|0|0|0|0|0|0|0|0 20|20|8|5|0|0|0|0|0|0|0|0|0|0|8|5|0|0|0|0|0|0|0|0|0|0|0|0|0|0|0|0|0|0|0|0|0|0|0|0 0|0|0|0|0|0|0|0|0|0|0|0|0|0|0|0|0|0|0|100|0|0|0|0|0|0|0|0|0|0|0|0|0|0|0|0|0|0|0|0|0
154 1 神甲铸魂 柳神九烈甲≮铸魂≯|涛澜禅衣≮铸魂≯  0|0|0|0|0|0|0|0|0|0|0|0|0|0|0|0|0|0|0|0|0|0|0|0|0|0|0|0|0|0|0|0|0|0|0|0|0|0|0|0 20|20|8|5|0|0|0|0|0|0|0|0|0|0|8|5|0|0|0|0|0|0|0|0|0|0|0|0|0|0|0|0|0|0|0|0|0|0|0|0 0|0|0|0|0|0|0|0|0|0|0|0|0|0|0|0|0|0|0|100|0|0|0|0|0|0|0|0|0|0|0|0|0|0|0|0|0|0|0|0|0
155 1 神甲铸魂 东溟战袍≮铸魂≯|影藏玉衣≮铸魂≯  0|0|0|0|0|0|0|0|0|0|0|0|0|0|0|0|0|0|0|0|0|0|0|0|0|0|0|0|0|0|0|0|0|0|0|0|0|0|0|0 20|20|8|5|0|0|0|0|0|0|0|0|0|0|8|5|0|0|0|0|0|0|0|0|0|0|0|0|0|0|0|0|0|0|0|0|0|0|0|0 0|0|0|0|0|0|0|0|0|0|0|0|0|0|0|0|0|0|0|100|0|0|0|0|0|0|0|0|0|0|0|0|0|0|0|0|0|0|0|0|0
156 1 神甲铸魂 疏烟幽寂甲≮铸魂≯|剑舞秋月衣≮铸魂≯  0|0|0|0|0|0|0|0|0|0|0|0|0|0|0|0|0|0|0|0|0|0|0|0|0|0|0|0|0|0|0|0|0|0|0|0|0|0|0|0 20|20|8|5|0|0|0|0|0|0|0|0|0|0|8|5|0|0|0|0|0|0|0|0|0|0|0|0|0|0|0|0|0|0|0|0|0|0|0|0 0|0|0|0|0|0|0|0|0|0|0|0|0|0|0|0|0|0|0|100|0|0|0|0|0|0|0|0|0|0|0|0|0|0|0|0|0|0|0|0|0
157 1 神甲铸魂 堕天甲≮铸魂≯|沓飒舞≮铸魂≯  0|0|0|0|0|0|0|0|0|0|0|0|0|0|0|0|0|0|0|0|0|0|0|0|0|0|0|0|0|0|0|0|0|0|0|0|0|0|0|0 20|20|8|5|0|0|0|0|0|0|0|0|0|0|8|5|0|0|0|0|0|0|0|0|0|0|0|0|0|0|0|0|0|0|0|0|0|0|0|0 0|0|0|0|0|0|0|0|0|0|0|0|0|0|0|0|0|0|0|100|0|0|0|0|0|0|0|0|0|0|0|0|0|0|0|0|0|0|0|0|0
158 1 神甲铸魂 鎏霜月魄甲≮铸魂≯|离殃裳≮铸魂≯  0|0|0|0|0|0|0|0|0|0|0|0|0|0|0|0|0|0|0|0|0|0|0|0|0|0|0|0|0|0|0|0|0|0|0|0|0|0|0|0 20|20|8|5|0|0|0|0|0|0|0|0|0|0|8|5|0|0|0|0|0|0|0|0|0|0|0|0|0|0|0|0|0|0|0|0|0|0|0|0 0|0|0|0|0|0|0|0|0|0|0|0|0|0|0|0|0|0|0|100|0|0|0|0|0|0|0|0|0|0|0|0|0|0|0|0|0|0|0|0|0
159 1 神甲铸魂 乞伏炽盘甲≮铸魂≯|殷璀芜音≮铸魂≯  0|0|0|0|0|0|0|0|0|0|0|0|0|0|0|0|0|0|0|0|0|0|0|0|0|0|0|0|0|0|0|0|0|0|0|0|0|0|0|0 20|20|8|5|0|0|0|0|0|0|0|0|0|0|8|5|0|0|0|0|0|0|0|0|0|0|0|0|0|0|0|0|0|0|0|0|0|0|0|0 0|0|0|0|0|0|0|0|0|0|0|0|0|0|0|0|0|0|0|100|0|0|0|0|0|0|0|0|0|0|0|0|0|0|0|0|0|0|0|0|0
