PDDT 30 19 0  7  4 0 0
;边界村（比奇新人村）
;--------------------------------------------------
n0	290	618    0       6        4      0       0

;银杏山谷（银杏新人村）
;--------------------------------------------------
n0	635	612    0       6        4      0       0

;安全区/复活点
;##################################################

;比奇城
;--------------------------------------------------
n0	328	264     0       10        4      0       0

;毒蛇山谷村庄
;--------------------------------------------------
n2	503	483     0       10        4      0       0   

;白日门
;--------------------------------------------------
n11	178	326     0       8        4      0       0   

;盟重土城
;--------------------------------------------------
n3	107	108     0       11       4     0       0


;封魔谷
;--------------------------------------------------
n4	240	200     0       8        4      0       0

;苍月岛
;--------------------------------------------------
n5	140	330     0       8        4      0       0

;107 89
;126 108
;107 127
;88 108
